33 0 0 0 0 0 0 0 0 0 0 0 0 
35 0 0 0 0 0 0 0 0 0 0 0 0 
37 0 0 0 0 0 0 0 0 0 0 0 0 
39 0 0 0 0 0 0 0 0 0 0 0 0 
41 0 0 0 0 0 0 0 0 0 0 0 0 
43 0 0 0 0 0 0 0 0 0 0 0 0 
45 0 0 0 0 0 0 0 0 0 0 0 0 
47 0 0 0 0 0 0 0 0 0 0 0 0 
49 0 0 0 0 0 0 0 0 0 0 0 0 
51 0 0 0 0 0 0 0 0 0 0 0 0 
53 0 0 0 0 0 0 0 0 0 0 0 0 
55 0 0 0 0 0 0 0 0 0 0 0 0 
57 0 0 0 0 0 0 0 0 0 0 0 0 
59 0 0 0 0 0 0 0 0 0 0 0 0 
61 0 0 0 0 0 0 0 0 0 0 0 0 
63 0 0 0 0 0 0 0 0 0 0 0 0 
65 0 0 0 0 0 0 0 0 0 0 0 0 
67 0 0 0 0 0 0 0 0 0 0 0 0 
69 0 0 0 0 0 0 0 0 0 0 0 0 
71 0 0 0 0 0 0 0 0 0 0 0 0 
73 0 0 0 0 0 0 0 0 0 0 0 0 
75 0 0 0 0 0 0 0 0 0 0 0 0 
77 0 0 0 0 0 0 0 0 0 0 0 0 
79 0 0 0 0 0 0 0 0 0 0 0 0 
81 0 0 0 0 0 0 0 0 0 0 0 0 
83 0 0 0 0 0 0 0 0 0 0 0 0 
85 0 0 0 0 0 0 0 0 0 0 0 0 
87 0 0 0 0 0 0 0 0 0 0 0 0 
89 0 0 0 0 0 0 0 0 0 0 0 0 
91 0 0 0 0 0 0 0 0 0 0 0 0 
93 0 0 0 0 0 0 0 0 0 0 0 0 
95 0 0 0 0 0 0 0 0 0 0 0 0 
97 0 0 0 0 0 0 0 0 0 0 0 0 
99 0 0 0 0 0 0 0 0 0 0 0 0 
101 0 0 0 0 0 0 0 0 0 0 0 0 
103 0 0 0 0 0 0 0 0 0 0 0 0 
105 0 0 0 0 0 0 0 0 0 0 0 0 
107 0 0 0 0 0 0 0 0 0 0 0 0 
109 0 0 0 0 0 0 0 0 0 0 0 0 
111 0 0 0 0 0 0 0 0 0 0 0 0 
113 0 0 0 0 0 0 0 0 0 0 0 0 
115 0 0 0 0 0 0 0 0 0 0 0 0 
117 0 0 0 0 0 0 0 0 0 0 0 0 
119 0 0 0 0 0 0 0 0 0 0 0 0 
121 0 0 0 0 0 0 0 0 0 0 0 0 
123 0 0 0 0 0 0 0 0 0 0 0 0 
125 0 0 0 0 0 0 0 0 0 0 0 0 
127 33 0 0 0 0 0 0 0 0 0 0 0 
33 33 0 0 0 0 0 0 0 0 0 0 0 
35 33 0 0 0 0 0 0 0 0 0 0 0 
37 33 0 0 0 0 0 0 0 0 0 0 0 
39 33 0 0 0 0 0 0 0 0 0 0 0 
41 33 0 0 0 0 0 0 0 0 0 0 0 
43 33 0 0 0 0 0 0 0 0 0 0 0 
45 33 0 0 0 0 0 0 0 0 0 0 0 
47 33 0 0 0 0 0 0 0 0 0 0 0 
49 33 0 0 0 0 0 0 0 0 0 0 0 
51 33 0 0 0 0 0 0 0 0 0 0 0 
53 33 0 0 0 0 0 0 0 0 0 0 0 
55 33 0 0 0 0 0 0 0 0 0 0 0 
57 33 0 0 0 0 0 0 0 0 0 0 0 
59 33 0 0 0 0 0 0 0 0 0 0 0 
61 33 0 0 0 0 0 0 0 0 0 0 0 
63 33 0 0 0 0 0 0 0 0 0 0 0 
65 33 0 0 0 0 0 0 0 0 0 0 0 
67 33 0 0 0 0 0 0 0 0 0 0 0 
69 33 0 0 0 0 0 0 0 0 0 0 0 
71 33 0 0 0 0 0 0 0 0 0 0 0 
73 33 0 0 0 0 0 0 0 0 0 0 0 
75 33 0 0 0 0 0 0 0 0 0 0 0 
77 33 0 0 0 0 0 0 0 0 0 0 0 
79 33 0 0 0 0 0 0 0 0 0 0 0 
81 33 0 0 0 0 0 0 0 0 0 0 0 
83 33 0 0 0 0 0 0 0 0 0 0 0 
85 33 0 0 0 0 0 0 0 0 0 0 0 
87 33 0 0 0 0 0 0 0 0 0 0 0 
89 33 0 0 0 0 0 0 0 0 0 0 0 
91 33 0 0 0 0 0 0 0 0 0 0 0 
93 33 0 0 0 0 0 0 0 0 0 0 0 
95 33 0 0 0 0 0 0 0 0 0 0 0 
97 33 0 0 0 0 0 0 0 0 0 0 0 
99 33 0 0 0 0 0 0 0 0 0 0 0 
101 33 0 0 0 0 0 0 0 0 0 0 0 
103 33 0 0 0 0 0 0 0 0 0 0 0 
105 33 0 0 0 0 0 0 0 0 0 0 0 
107 33 0 0 0 0 0 0 0 0 0 0 0 
109 33 0 0 0 0 0 0 0 0 0 0 0 
111 33 0 0 0 0 0 0 0 0 0 0 0 
113 33 0 0 0 0 0 0 0 0 0 0 0 
115 33 0 0 0 0 0 0 0 0 0 0 0 
117 33 0 0 0 0 0 0 0 0 0 0 0 
119 33 0 0 0 0 0 0 0 0 0 0 0 
121 33 0 0 0 0 0 0 0 0 0 0 0 
123 33 0 0 0 0 0 0 0 0 0 0 0 
125 33 0 0 0 0 0 0 0 0 0 0 0 
127 34 0 0 0 0 0 0 0 0 0 0 0 
33 34 0 0 0 0 0 0 0 0 0 0 0 
35 34 0 0 0 0 0 0 0 0 0 0 0 
37 34 0 0 0 0 0 0 0 0 0 0 0 
39 34 0 0 0 0 0 0 0 0 0 0 0 
41 34 0 0 0 0 0 0 0 0 0 0 0 
43 34 0 0 0 0 0 0 0 0 0 0 0 
45 34 0 0 0 0 0 0 0 0 0 0 0 
47 34 0 0 0 0 0 0 0 0 0 0 0 
49 34 0 0 0 0 0 0 0 0 0 0 0 
51 34 0 0 0 0 0 0 0 0 0 0 0 
53 34 0 0 0 0 0 0 0 0 0 0 0 
55 34 0 0 0 0 0 0 0 0 0 0 0 
57 34 0 0 0 0 0 0 0 0 0 0 0 
59 34 0 0 0 0 0 0 0 0 0 0 0 
61 34 0 0 0 0 0 0 0 0 0 0 0 
63 34 0 0 0 0 0 0 0 0 0 0 0 
65 34 0 0 0 0 0 0 0 0 0 0 0 
67 34 0 0 0 0 0 0 0 0 0 0 0 
69 34 0 0 0 0 0 0 0 0 0 0 0 
71 34 0 0 0 0 0 0 0 0 0 0 0 
73 34 0 0 0 0 0 0 0 0 0 0 0 
75 34 0 0 0 0 0 0 0 0 0 0 0 
77 34 0 0 0 0 0 0 0 0 0 0 0 
79 34 0 0 0 0 0 0 0 0 0 0 0 
81 34 0 0 0 0 0 0 0 0 0 0 0 
83 34 0 0 0 0 0 0 0 0 0 0 0 
85 34 0 0 0 0 0 0 0 0 0 0 0 
87 34 0 0 0 0 0 0 0 0 0 0 0 
89 34 0 0 0 0 0 0 0 0 0 0 0 
91 34 0 0 0 0 0 0 0 0 0 0 0 
93 34 0 0 0 0 0 0 0 0 0 0 0 
95 34 0 0 0 0 0 0 0 0 0 0 0 
97 34 0 0 0 0 0 0 0 0 0 0 0 
99 34 0 0 0 0 0 0 0 0 0 0 0 
101 34 0 0 0 0 0 0 0 0 0 0 0 
103 34 0 0 0 0 0 0 0 0 0 0 0 
105 34 0 0 0 0 0 0 0 0 0 0 0 
107 34 0 0 0 0 0 0 0 0 0 0 0 
109 34 0 0 0 0 0 0 0 0 0 0 0 
111 34 0 0 0 0 0 0 0 0 0 0 0 
113 34 0 0 0 0 0 0 0 0 0 0 0 
115 34 0 0 0 0 0 0 0 0 0 0 0 
117 34 0 0 0 0 0 0 0 0 0 0 0 
119 34 0 0 0 0 0 0 0 0 0 0 0 
121 34 0 0 0 0 0 0 0 0 0 0 0 
123 34 0 0 0 0 0 0 0 0 0 0 0 
125 34 0 0 0 0 0 0 0 0 0 0 0 
127 35 0 0 0 0 0 0 0 0 0 0 0 
33 35 0 0 0 0 0 0 0 0 0 0 0 
35 35 0 0 0 0 0 0 0 0 0 0 0 
37 35 0 0 0 0 0 0 0 0 0 0 0 
39 35 0 0 0 0 0 0 0 0 0 0 0 
41 35 0 0 0 0 0 0 0 0 0 0 0 
43 35 0 0 0 0 0 0 0 0 0 0 0 
45 35 0 0 0 0 0 0 0 0 0 0 0 
47 35 0 0 0 0 0 0 0 0 0 0 0 
49 35 0 0 0 0 0 0 0 0 0 0 0 
51 35 0 0 0 0 0 0 0 0 0 0 0 
53 35 0 0 0 0 0 0 0 0 0 0 0 
55 35 0 0 0 0 0 0 0 0 0 0 0 
57 35 0 0 0 0 0 0 0 0 0 0 0 
59 35 0 0 0 0 0 0 0 0 0 0 0 
61 35 0 0 0 0 0 0 0 0 0 0 0 
63 35 0 0 0 0 0 0 0 0 0 0 0 
65 35 0 0 0 0 0 0 0 0 0 0 0 
67 35 0 0 0 0 0 0 0 0 0 0 0 
69 35 0 0 0 0 0 0 0 0 0 0 0 
71 35 0 0 0 0 0 0 0 0 0 0 0 
73 35 0 0 0 0 0 0 0 0 0 0 0 
75 35 0 0 0 0 0 0 0 0 0 0 0 
77 35 0 0 0 0 0 0 0 0 0 0 0 
79 35 0 0 0 0 0 0 0 0 0 0 0 
81 35 0 0 0 0 0 0 0 0 0 0 0 
83 35 0 0 0 0 0 0 0 0 0 0 0 
85 35 0 0 0 0 0 0 0 0 0 0 0 
87 35 0 0 0 0 0 0 0 0 0 0 0 
89 35 0 0 0 0 0 0 0 0 0 0 0 
91 35 0 0 0 0 0 0 0 0 0 0 0 
93 35 0 0 0 0 0 0 0 0 0 0 0 
95 35 0 0 0 0 0 0 0 0 0 0 0 
97 35 0 0 0 0 0 0 0 0 0 0 0 
99 35 0 0 0 0 0 0 0 0 0 0 0 
101 35 0 0 0 0 0 0 0 0 0 0 0 
103 35 0 0 0 0 0 0 0 0 0 0 0 
105 35 0 0 0 0 0 0 0 0 0 0 0 
107 35 0 0 0 0 0 0 0 0 0 0 0 
109 35 0 0 0 0 0 0 0 0 0 0 0 
111 35 0 0 0 0 0 0 0 0 0 0 0 
113 35 0 0 0 0 0 0 0 0 0 0 0 
115 35 0 0 0 0 0 0 0 0 0 0 0 
117 35 0 0 0 0 0 0 0 0 0 0 0 
119 35 0 0 0 0 0 0 0 0 0 0 0 
121 35 0 0 0 0 0 0 0 0 0 0 0 
123 35 0 0 0 0 0 0 0 0 0 0 0 
125 35 0 0 0 0 0 0 0 0 0 0 0 
127 36 0 0 0 0 0 0 0 0 0 0 0 
33 36 0 0 0 0 0 0 0 0 0 0 0 
35 36 0 0 0 0 0 0 0 0 0 0 0 
37 36 0 0 0 0 0 0 0 0 0 0 0 
39 36 0 0 0 0 0 0 0 0 0 0 0 
41 36 0 0 0 0 0 0 0 0 0 0 0 
43 36 0 0 0 0 0 0 0 0 0 0 0 
45 36 0 0 0 0 0 0 0 0 0 0 0 
47 36 0 0 0 0 0 0 0 0 0 0 0 
49 36 0 0 0 0 0 0 0 0 0 0 0 
51 36 0 0 0 0 0 0 0 0 0 0 0 
53 36 0 0 0 0 0 0 0 0 0 0 0 
55 36 0 0 0 0 0 0 0 0 0 0 0 
57 36 0 0 0 0 0 0 0 0 0 0 0 
59 36 0 0 0 0 0 0 0 0 0 0 0 
61 36 0 0 0 0 0 0 0 0 0 0 0 
63 36 0 0 0 0 0 0 0 0 0 0 0 
65 36 0 0 0 0 0 0 0 0 0 0 0 
67 36 0 0 0 0 0 0 0 0 0 0 0 
69 36 0 0 0 0 0 0 0 0 0 0 0 
71 36 0 0 0 0 0 0 0 0 0 0 0 
73 36 0 0 0 0 0 0 0 0 0 0 0 
75 36 0 0 0 0 0 0 0 0 0 0 0 
77 36 0 0 0 0 0 0 0 0 0 0 0 
79 36 0 0 0 0 0 0 0 0 0 0 0 
81 36 0 0 0 0 0 0 0 0 0 0 0 
83 36 0 0 0 0 0 0 0 0 0 0 0 
85 36 0 0 0 0 0 0 0 0 0 0 0 
87 36 0 0 0 0 0 0 0 0 0 0 0 
89 36 0 0 0 0 0 0 0 0 0 0 0 
91 36 0 0 0 0 0 0 0 0 0 0 0 
93 36 0 0 0 0 0 0 0 0 0 0 0 
95 36 0 0 0 0 0 0 0 0 0 0 0 
97 36 0 0 0 0 0 0 0 0 0 0 0 
99 36 0 0 0 0 0 0 0 0 0 0 0 
101 36 0 0 0 0 0 0 0 0 0 0 0 
103 36 0 0 0 0 0 0 0 0 0 0 0 
105 36 0 0 0 0 0 0 0 0 0 0 0 
107 36 0 0 0 0 0 0 0 0 0 0 0 
109 36 0 0 0 0 0 0 0 0 0 0 0 
111 36 0 0 0 0 0 0 0 0 0 0 0 
113 36 0 0 0 0 0 0 0 0 0 0 0 
115 36 0 0 0 0 0 0 0 0 0 0 0 
117 36 0 0 0 0 0 0 0 0 0 0 0 
119 36 0 0 0 0 0 0 0 0 0 0 0 
121 36 0 0 0 0 0 0 0 0 0 0 0 
123 36 0 0 0 0 0 0 0 0 0 0 0 
125 36 0 0 0 0 0 0 0 0 0 0 0 
127 37 0 0 0 0 0 0 0 0 0 0 0 
33 37 0 0 0 0 0 0 0 0 0 0 0 
35 37 0 0 0 0 0 0 0 0 0 0 0 
37 37 0 0 0 0 0 0 0 0 0 0 0 
39 37 0 0 0 0 0 0 0 0 0 0 0 
41 37 0 0 0 0 0 0 0 0 0 0 0 
43 37 0 0 0 0 0 0 0 0 0 0 0 
45 37 0 0 0 0 0 0 0 0 0 0 0 
47 37 0 0 0 0 0 0 0 0 0 0 0 
49 37 0 0 0 0 0 0 0 0 0 0 0 
51 37 0 0 0 0 0 0 0 0 0 0 0 
53 37 0 0 0 0 0 0 0 0 0 0 0 
55 37 0 0 0 0 0 0 0 0 0 0 0 
57 37 0 0 0 0 0 0 0 0 0 0 0 
59 37 0 0 0 0 0 0 0 0 0 0 0 
61 37 0 0 0 0 0 0 0 0 0 0 0 
63 37 0 0 0 0 0 0 0 0 0 0 0 
65 37 0 0 0 0 0 0 0 0 0 0 0 
67 37 0 0 0 0 0 0 0 0 0 0 0 
69 37 0 0 0 0 0 0 0 0 0 0 0 
71 37 0 0 0 0 0 0 0 0 0 0 0 
73 37 0 0 0 0 0 0 0 0 0 0 0 
75 37 0 0 0 0 0 0 0 0 0 0 0 
77 37 0 0 0 0 0 0 0 0 0 0 0 
79 37 0 0 0 0 0 0 0 0 0 0 0 
81 37 0 0 0 0 0 0 0 0 0 0 0 
83 37 0 0 0 0 0 0 0 0 0 0 0 
85 37 0 0 0 0 0 0 0 0 0 0 0 
87 37 0 0 0 0 0 0 0 0 0 0 0 
89 37 0 0 0 0 0 0 0 0 0 0 0 
91 37 0 0 0 0 0 0 0 0 0 0 0 
93 37 0 0 0 0 0 0 0 0 0 0 0 
95 37 0 0 0 0 0 0 0 0 0 0 0 
97 37 0 0 0 0 0 0 0 0 0 0 0 
99 37 0 0 0 0 0 0 0 0 0 0 0 
101 37 0 0 0 0 0 0 0 0 0 0 0 
103 37 0 0 0 0 0 0 0 0 0 0 0 
105 37 0 0 0 0 0 0 0 0 0 0 0 
107 37 0 0 0 0 0 0 0 0 0 0 0 
109 37 0 0 0 0 0 0 0 0 0 0 0 
111 37 0 0 0 0 0 0 0 0 0 0 0 
113 37 0 0 0 0 0 0 0 0 0 0 0 
115 37 0 0 0 0 0 0 0 0 0 0 0 
117 37 0 0 0 0 0 0 0 0 0 0 0 
119 37 0 0 0 0 0 0 0 0 0 0 0 
121 37 0 0 0 0 0 0 0 0 0 0 0 
123 37 0 0 0 0 0 0 0 0 0 0 0 
125 37 0 0 0 0 0 0 0 0 0 0 0 
127 38 0 0 0 0 0 0 0 0 0 0 0 
33 38 0 0 0 0 0 0 0 0 0 0 0 
35 38 0 0 0 0 0 0 0 0 0 0 0 
37 38 0 0 0 0 0 0 0 0 0 0 0 
39 38 0 0 0 0 0 0 0 0 0 0 0 
41 38 0 0 0 0 0 0 0 0 0 0 0 
43 38 0 0 0 0 0 0 0 0 0 0 0 
45 38 0 0 0 0 0 0 0 0 0 0 0 
47 38 0 0 0 0 0 0 0 0 0 0 0 
49 38 0 0 0 0 0 0 0 0 0 0 0 
51 38 0 0 0 0 0 0 0 0 0 0 0 
53 38 0 0 0 0 0 0 0 0 0 0 0 
55 38 0 0 0 0 0 0 0 0 0 0 0 
57 38 0 0 0 0 0 0 0 0 0 0 0 
59 38 0 0 0 0 0 0 0 0 0 0 0 
61 38 0 0 0 0 0 0 0 0 0 0 0 
63 38 0 0 0 0 0 0 0 0 0 0 0 
65 38 0 0 0 0 0 0 0 0 0 0 0 
67 38 0 0 0 0 0 0 0 0 0 0 0 
69 38 0 0 0 0 0 0 0 0 0 0 0 
71 38 0 0 0 0 0 0 0 0 0 0 0 
73 38 0 0 0 0 0 0 0 0 0 0 0 
75 38 0 0 0 0 0 0 0 0 0 0 0 
77 38 0 0 0 0 0 0 0 0 0 0 0 
79 38 0 0 0 0 0 0 0 0 0 0 0 
81 38 0 0 0 0 0 0 0 0 0 0 0 
83 38 0 0 0 0 0 0 0 0 0 0 0 
85 38 0 0 0 0 0 0 0 0 0 0 0 
87 38 0 0 0 0 0 0 0 0 0 0 0 
89 38 0 0 0 0 0 0 0 0 0 0 0 
91 38 0 0 0 0 0 0 0 0 0 0 0 
93 38 0 0 0 0 0 0 0 0 0 0 0 
95 38 0 0 0 0 0 0 0 0 0 0 0 
97 38 0 0 0 0 0 0 0 0 0 0 0 
99 38 0 0 0 0 0 0 0 0 0 0 0 
101 38 0 0 0 0 0 0 0 0 0 0 0 
103 38 0 0 0 0 0 0 0 0 0 0 0 
105 38 0 0 0 0 0 0 0 0 0 0 0 
107 38 0 0 0 0 0 0 0 0 0 0 0 
109 38 0 0 0 0 0 0 0 0 0 0 0 
111 38 0 0 0 0 0 0 0 0 0 0 0 
113 38 0 0 0 0 0 0 0 0 0 0 0 
115 38 0 0 0 0 0 0 0 0 0 0 0 
117 38 0 0 0 0 0 0 0 0 0 0 0 
119 38 0 0 0 0 0 0 0 0 0 0 0 
121 38 0 0 0 0 0 0 0 0 0 0 0 
123 38 0 0 0 0 0 0 0 0 0 0 0 
125 38 0 0 0 0 0 0 0 0 0 0 0 
127 39 0 0 0 0 0 0 0 0 0 0 0 
33 39 0 0 0 0 0 0 0 0 0 0 0 
35 39 0 0 0 0 0 0 0 0 0 0 0 
37 39 0 0 0 0 0 0 0 0 0 0 0 
39 39 0 0 0 0 0 0 0 0 0 0 0 
41 39 0 0 0 0 0 0 0 0 0 0 0 
43 39 0 0 0 0 0 0 0 0 0 0 0 
45 39 0 0 0 0 0 0 0 0 0 0 0 
47 39 0 0 0 0 0 0 0 0 0 0 0 
49 39 0 0 0 0 0 0 0 0 0 0 0 
51 39 0 0 0 0 0 0 0 0 0 0 0 
53 39 0 0 0 0 0 0 0 0 0 0 0 
55 39 0 0 0 0 0 0 0 0 0 0 0 
57 39 0 0 0 0 0 0 0 0 0 0 0 
59 39 0 0 0 0 0 0 0 0 0 0 0 
61 39 0 0 0 0 0 0 0 0 0 0 0 
63 39 0 0 0 0 0 0 0 0 0 0 0 
65 39 0 0 0 0 0 0 0 0 0 0 0 
67 39 0 0 0 0 0 0 0 0 0 0 0 
69 39 0 0 0 0 0 0 0 0 0 0 0 
71 39 0 0 0 0 0 0 0 0 0 0 0 
73 39 0 0 0 0 0 0 0 0 0 0 0 
75 39 0 0 0 0 0 0 0 0 0 0 0 
77 39 0 0 0 0 0 0 0 0 0 0 0 
79 39 0 0 0 0 0 0 0 0 0 0 0 
81 39 0 0 0 0 0 0 0 0 0 0 0 
83 39 0 0 0 0 0 0 0 0 0 0 0 
85 39 0 0 0 0 0 0 0 0 0 0 0 
87 39 0 0 0 0 0 0 0 0 0 0 0 
89 39 0 0 0 0 0 0 0 0 0 0 0 
91 39 0 0 0 0 0 0 0 0 0 0 0 
93 39 0 0 0 0 0 0 0 0 0 0 0 
95 39 0 0 0 0 0 0 0 0 0 0 0 
97 39 0 0 0 0 0 0 0 0 0 0 0 
99 39 0 0 0 0 0 0 0 0 0 0 0 
101 39 0 0 0 0 0 0 0 0 0 0 0 
103 39 0 0 0 0 0 0 0 0 0 0 0 
105 39 0 0 0 0 0 0 0 0 0 0 0 
107 39 0 0 0 0 0 0 0 0 0 0 0 
109 39 0 0 0 0 0 0 0 0 0 0 0 
111 39 0 0 0 0 0 0 0 0 0 0 0 
113 39 0 0 0 0 0 0 0 0 0 0 0 
115 39 0 0 0 0 0 0 0 0 0 0 0 
117 39 0 0 0 0 0 0 0 0 0 0 0 
119 39 0 0 0 0 0 0 0 0 0 0 0 
121 39 0 0 0 0 0 0 0 0 0 0 0 
123 39 0 0 0 0 0 0 0 0 0 0 0 
125 39 0 0 0 0 0 0 0 0 0 0 0 
127 40 0 0 0 0 0 0 0 0 0 0 0 
33 40 0 0 0 0 0 0 0 0 0 0 0 
35 40 0 0 0 0 0 0 0 0 0 0 0 
37 40 0 0 0 0 0 0 0 0 0 0 0 
39 40 0 0 0 0 0 0 0 0 0 0 0 
41 40 0 0 0 0 0 0 0 0 0 0 0 
43 40 0 0 0 0 0 0 0 0 0 0 0 
45 40 0 0 0 0 0 0 0 0 0 0 0 
47 40 0 0 0 0 0 0 0 0 0 0 0 
49 40 0 0 0 0 0 0 0 0 0 0 0 
51 40 0 0 0 0 0 0 0 0 0 0 0 
53 40 0 0 0 0 0 0 0 0 0 0 0 
55 40 0 0 0 0 0 0 0 0 0 0 0 
57 40 0 0 0 0 0 0 0 0 0 0 0 
59 40 0 0 0 0 0 0 0 0 0 0 0 
61 40 0 0 0 0 0 0 0 0 0 0 0 
63 40 0 0 0 0 0 0 0 0 0 0 0 
65 40 0 0 0 0 0 0 0 0 0 0 0 
67 40 0 0 0 0 0 0 0 0 0 0 0 
69 40 0 0 0 0 0 0 0 0 0 0 0 
71 40 0 0 0 0 0 0 0 0 0 0 0 
73 40 0 0 0 0 0 0 0 0 0 0 0 
75 40 0 0 0 0 0 0 0 0 0 0 0 
77 40 0 0 0 0 0 0 0 0 0 0 0 
79 40 0 0 0 0 0 0 0 0 0 0 0 
81 40 0 0 0 0 0 0 0 0 0 0 0 
83 40 0 0 0 0 0 0 0 0 0 0 0 
85 40 0 0 0 0 0 0 0 0 0 0 0 
87 40 0 0 0 0 0 0 0 0 0 0 0 
89 40 0 0 0 0 0 0 0 0 0 0 0 
91 40 0 0 0 0 0 0 0 0 0 0 0 
93 40 0 0 0 0 0 0 0 0 0 0 0 
95 40 0 0 0 0 0 0 0 0 0 0 0 
97 40 0 0 0 0 0 0 0 0 0 0 0 
99 40 0 0 0 0 0 0 0 0 0 0 0 
101 40 0 0 0 0 0 0 0 0 0 0 0 
103 40 0 0 0 0 0 0 0 0 0 0 0 
105 40 0 0 0 0 0 0 0 0 0 0 0 
107 40 0 0 0 0 0 0 0 0 0 0 0 
109 40 0 0 0 0 0 0 0 0 0 0 0 
111 40 0 0 0 0 0 0 0 0 0 0 0 
113 40 0 0 0 0 0 0 0 0 0 0 0 
115 40 0 0 0 0 0 0 0 0 0 0 0 
117 40 0 0 0 0 0 0 0 0 0 0 0 
119 40 0 0 0 0 0 0 0 0 0 0 0 
121 40 0 0 0 0 0 0 0 0 0 0 0 
123 40 0 0 0 0 0 0 0 0 0 0 0 
125 40 0 0 0 0 0 0 0 0 0 0 0 
127 41 0 0 0 0 0 0 0 0 0 0 0 
33 41 0 0 0 0 0 0 0 0 0 0 0 
35 41 0 0 0 0 0 0 0 0 0 0 0 
37 41 0 0 0 0 0 0 0 0 0 0 0 
39 41 0 0 0 0 0 0 0 0 0 0 0 
41 41 0 0 0 0 0 0 0 0 0 0 0 
43 41 0 0 0 0 0 0 0 0 0 0 0 
45 41 0 0 0 0 0 0 0 0 0 0 0 
47 41 0 0 0 0 0 0 0 0 0 0 0 
49 41 0 0 0 0 0 0 0 0 0 0 0 
51 41 0 0 0 0 0 0 0 0 0 0 0 
53 41 0 0 0 0 0 0 0 0 0 0 0 
55 41 0 0 0 0 0 0 0 0 0 0 0 
57 41 0 0 0 0 0 0 0 0 0 0 0 
59 41 0 0 0 0 0 0 0 0 0 0 0 
61 41 0 0 0 0 0 0 0 0 0 0 0 
63 41 0 0 0 0 0 0 0 0 0 0 0 
65 41 0 0 0 0 0 0 0 0 0 0 0 
67 41 0 0 0 0 0 0 0 0 0 0 0 
69 41 0 0 0 0 0 0 0 0 0 0 0 
71 41 0 0 0 0 0 0 0 0 0 0 0 
73 41 0 0 0 0 0 0 0 0 0 0 0 
75 41 0 0 0 0 0 0 0 0 0 0 0 
77 41 0 0 0 0 0 0 0 0 0 0 0 
79 41 0 0 0 0 0 0 0 0 0 0 0 
81 41 0 0 0 0 0 0 0 0 0 0 0 
83 41 0 0 0 0 0 0 0 0 0 0 0 
85 41 0 0 0 0 0 0 0 0 0 0 0 
87 41 0 0 0 0 0 0 0 0 0 0 0 
89 41 0 0 0 0 0 0 0 0 0 0 0 
91 41 0 0 0 0 0 0 0 0 0 0 0 
93 41 0 0 0 0 0 0 0 0 0 0 0 
95 41 0 0 0 0 0 0 0 0 0 0 0 
97 41 0 0 0 0 0 0 0 0 0 0 0 
99 41 0 0 0 0 0 0 0 0 0 0 0 
101 41 0 0 0 0 0 0 0 0 0 0 0 
103 41 0 0 0 0 0 0 0 0 0 0 0 
105 41 0 0 0 0 0 0 0 0 0 0 0 
107 41 0 0 0 0 0 0 0 0 0 0 0 
109 41 0 0 0 0 0 0 0 0 0 0 0 
111 41 0 0 0 0 0 0 0 0 0 0 0 
113 41 0 0 0 0 0 0 0 0 0 0 0 
115 41 0 0 0 0 0 0 0 0 0 0 0 
117 41 0 0 0 0 0 0 0 0 0 0 0 
119 41 0 0 0 0 0 0 0 0 0 0 0 
121 41 0 0 0 0 0 0 0 0 0 0 0 
123 41 0 0 0 0 0 0 0 0 0 0 0 
125 41 0 0 0 0 0 0 0 0 0 0 0 
127 42 0 0 0 0 0 0 0 0 0 0 0 
33 42 0 0 0 0 0 0 0 0 0 0 0 
35 42 0 0 0 0 0 0 0 0 0 0 0 
37 42 0 0 0 0 0 0 0 0 0 0 0 
39 42 0 0 0 0 0 0 0 0 0 0 0 
41 42 0 0 0 0 0 0 0 0 0 0 0 
43 42 0 0 0 0 0 0 0 0 0 0 0 
45 42 0 0 0 0 0 0 0 0 0 0 0 
47 42 0 0 0 0 0 0 0 0 0 0 0 
49 42 0 0 0 0 0 0 0 0 0 0 0 
51 42 0 0 0 0 0 0 0 0 0 0 0 
53 42 0 0 0 0 0 0 0 0 0 0 0 
55 42 0 0 0 0 0 0 0 0 0 0 0 
57 42 0 0 0 0 0 0 0 0 0 0 0 
59 42 0 0 0 0 0 0 0 0 0 0 0 
61 42 0 0 0 0 0 0 0 0 0 0 0 
63 42 0 0 0 0 0 0 0 0 0 0 0 
65 42 0 0 0 0 0 0 0 0 0 0 0 
67 42 0 0 0 0 0 0 0 0 0 0 0 
69 42 0 0 0 0 0 0 0 0 0 0 0 
71 42 0 0 0 0 0 0 0 0 0 0 0 
73 42 0 0 0 0 0 0 0 0 0 0 0 
75 42 0 0 0 0 0 0 0 0 0 0 0 
77 42 0 0 0 0 0 0 0 0 0 0 0 
79 42 0 0 0 0 0 0 0 0 0 0 0 
81 42 0 0 0 0 0 0 0 0 0 0 0 
83 42 0 0 0 0 0 0 0 0 0 0 0 
85 42 0 0 0 0 0 0 0 0 0 0 0 
87 42 0 0 0 0 0 0 0 0 0 0 0 
89 42 0 0 0 0 0 0 0 0 0 0 0 
91 42 0 0 0 0 0 0 0 0 0 0 0 
93 42 0 0 0 0 0 0 0 0 0 0 0 
95 42 0 0 0 0 0 0 0 0 0 0 0 
97 42 0 0 0 0 0 0 0 0 0 0 0 
99 42 0 0 0 0 0 0 0 0 0 0 0 
101 42 0 0 0 0 0 0 0 0 0 0 0 
103 42 0 0 0 0 0 0 0 0 0 0 0 
105 42 0 0 0 0 0 0 0 0 0 0 0 
107 42 0 0 0 0 0 0 0 0 0 0 0 
109 42 0 0 0 0 0 0 0 0 0 0 0 
111 42 0 0 0 0 0 0 0 0 0 0 0 
113 42 0 0 0 0 0 0 0 0 0 0 0 
115 42 0 0 0 0 0 0 0 0 0 0 0 
117 42 0 0 0 0 0 0 0 0 0 0 0 
119 42 0 0 0 0 0 0 0 0 0 0 0 
121 42 0 0 0 0 0 0 0 0 0 0 0 
123 42 0 0 0 0 0 0 0 0 0 0 0 
125 42 0 0 0 0 0 0 0 0 0 0 0 
127 43 0 0 0 0 0 0 0 0 0 0 0 
33 43 0 0 0 0 0 0 0 0 0 0 0 
35 43 0 0 0 0 0 0 0 0 0 0 0 
37 43 0 0 0 0 0 0 0 0 0 0 0 
39 43 0 0 0 0 0 0 0 0 0 0 0 
41 43 0 0 0 0 0 0 0 0 0 0 0 
43 43 0 0 0 0 0 0 0 0 0 0 0 
45 43 0 0 0 0 0 0 0 0 0 0 0 
47 43 0 0 0 0 0 0 0 0 0 0 0 
49 43 0 0 0 0 0 0 0 0 0 0 0 
51 43 0 0 0 0 0 0 0 0 0 0 0 
53 43 0 0 0 0 0 0 0 0 0 0 0 
55 43 0 0 0 0 0 0 0 0 0 0 0 
57 43 0 0 0 0 0 0 0 0 0 0 0 
59 43 0 0 0 0 0 0 0 0 0 0 0 
61 43 0 0 0 0 0 0 0 0 0 0 0 
63 43 0 0 0 0 0 0 0 0 0 0 0 
65 43 0 0 0 0 0 0 0 0 0 0 0 
67 43 0 0 0 0 0 0 0 0 0 0 0 
69 43 0 0 0 0 0 0 0 0 0 0 0 
71 43 0 0 0 0 0 0 0 0 0 0 0 
73 43 0 0 0 0 0 0 0 0 0 0 0 
75 43 0 0 0 0 0 0 0 0 0 0 0 
77 43 0 0 0 0 0 0 0 0 0 0 0 
79 43 0 0 0 0 0 0 0 0 0 0 0 
81 43 0 0 0 0 0 0 0 0 0 0 0 
83 43 0 0 0 0 0 0 0 0 0 0 0 
85 43 0 0 0 0 0 0 0 0 0 0 0 
87 43 0 0 0 0 0 0 0 0 0 0 0 
89 43 0 0 0 0 0 0 0 0 0 0 0 
91 43 0 0 0 0 0 0 0 0 0 0 0 
93 43 0 0 0 0 0 0 0 0 0 0 0 
95 43 0 0 0 0 0 0 0 0 0 0 0 
97 43 0 0 0 0 0 0 0 0 0 0 0 
99 43 0 0 0 0 0 0 0 0 0 0 0 
101 43 0 0 0 0 0 0 0 0 0 0 0 
103 43 0 0 0 0 0 0 0 0 0 0 0 
105 43 0 0 0 0 0 0 0 0 0 0 0 
107 43 0 0 0 0 0 0 0 0 0 0 0 
109 43 0 0 0 0 0 0 0 0 0 0 0 
111 43 0 0 0 0 0 0 0 0 0 0 0 
113 43 0 0 0 0 0 0 0 0 0 0 0 
115 43 0 0 0 0 0 0 0 0 0 0 0 
117 43 0 0 0 0 0 0 0 0 0 0 0 
119 43 0 0 0 0 0 0 0 0 0 0 0 
121 43 0 0 0 0 0 0 0 0 0 0 0 
123 43 0 0 0 0 0 0 0 0 0 0 0 
125 43 0 0 0 0 0 0 0 0 0 0 0 
127 44 0 0 0 0 0 0 0 0 0 0 0 
33 44 0 0 0 0 0 0 0 0 0 0 0 
35 44 0 0 0 0 0 0 0 0 0 0 0 
37 44 0 0 0 0 0 0 0 0 0 0 0 
39 44 0 0 0 0 0 0 0 0 0 0 0 
41 44 0 0 0 0 0 0 0 0 0 0 0 
43 44 0 0 0 0 0 0 0 0 0 0 0 
45 44 0 0 0 0 0 0 0 0 0 0 0 
47 44 0 0 0 0 0 0 0 0 0 0 0 
49 44 0 0 0 0 0 0 0 0 0 0 0 
51 44 0 0 0 0 0 0 0 0 0 0 0 
53 44 0 0 0 0 0 0 0 0 0 0 0 
55 44 0 0 0 0 0 0 0 0 0 0 0 
57 44 0 0 0 0 0 0 0 0 0 0 0 
59 44 0 0 0 0 0 0 0 0 0 0 0 
61 44 0 0 0 0 0 0 0 0 0 0 0 
63 44 0 0 0 0 0 0 0 0 0 0 0 
65 44 0 0 0 0 0 0 0 0 0 0 0 
67 44 0 0 0 0 0 0 0 0 0 0 0 
69 44 0 0 0 0 0 0 0 0 0 0 0 
71 44 0 0 0 0 0 0 0 0 0 0 0 
73 44 0 0 0 0 0 0 0 0 0 0 0 
75 44 0 0 0 0 0 0 0 0 0 0 0 
77 44 0 0 0 0 0 0 0 0 0 0 0 
79 44 0 0 0 0 0 0 0 0 0 0 0 
81 44 0 0 0 0 0 0 0 0 0 0 0 
83 44 0 0 0 0 0 0 0 0 0 0 0 
85 44 0 0 0 0 0 0 0 0 0 0 0 
87 44 0 0 0 0 0 0 0 0 0 0 0 
89 44 0 0 0 0 0 0 0 0 0 0 0 
91 44 0 0 0 0 0 0 0 0 0 0 0 
93 44 0 0 0 0 0 0 0 0 0 0 0 
95 44 0 0 0 0 0 0 0 0 0 0 0 
97 44 0 0 0 0 0 0 0 0 0 0 0 
99 44 0 0 0 0 0 0 0 0 0 0 0 
101 44 0 0 0 0 0 0 0 0 0 0 0 
103 44 0 0 0 0 0 0 0 0 0 0 0 
105 44 0 0 0 0 0 0 0 0 0 0 0 
107 44 0 0 0 0 0 0 0 0 0 0 0 
109 44 0 0 0 0 0 0 0 0 0 0 0 
111 44 0 0 0 0 0 0 0 0 0 0 0 
113 44 0 0 0 0 0 0 0 0 0 0 0 
115 44 0 0 0 0 0 0 0 0 0 0 0 
117 44 0 0 0 0 0 0 0 0 0 0 0 
119 44 0 0 0 0 0 0 0 0 0 0 0 
121 44 0 0 0 0 0 0 0 0 0 0 0 
123 44 0 0 0 0 0 0 0 0 0 0 0 
125 44 0 0 0 0 0 0 0 0 0 0 0 
127 45 0 0 0 0 0 0 0 0 0 0 0 
33 45 0 0 0 0 0 0 0 0 0 0 0 
35 45 0 0 0 0 0 0 0 0 0 0 0 
37 45 0 0 0 0 0 0 0 0 0 0 0 
39 45 0 0 0 0 0 0 0 0 0 0 0 
41 45 0 0 0 0 0 0 0 0 0 0 0 
43 45 0 0 0 0 0 0 0 0 0 0 0 
45 45 0 0 0 0 0 0 0 0 0 0 0 
47 45 0 0 0 0 0 0 0 0 0 0 0 
49 45 0 0 0 0 0 0 0 0 0 0 0 
51 45 0 0 0 0 0 0 0 0 0 0 0 
53 45 0 0 0 0 0 0 0 0 0 0 0 
55 45 0 0 0 0 0 0 0 0 0 0 0 
57 45 0 0 0 0 0 0 0 0 0 0 0 
59 45 0 0 0 0 0 0 0 0 0 0 0 
61 45 0 0 0 0 0 0 0 0 0 0 0 
63 45 0 0 0 0 0 0 0 0 0 0 0 
65 45 0 0 0 0 0 0 0 0 0 0 0 
67 45 0 0 0 0 0 0 0 0 0 0 0 
69 45 0 0 0 0 0 0 0 0 0 0 0 
71 45 0 0 0 0 0 0 0 0 0 0 0 
73 45 0 0 0 0 0 0 0 0 0 0 0 
75 45 0 0 0 0 0 0 0 0 0 0 0 
77 45 0 0 0 0 0 0 0 0 0 0 0 
79 45 0 0 0 0 0 0 0 0 0 0 0 
81 45 0 0 0 0 0 0 0 0 0 0 0 
83 45 0 0 0 0 0 0 0 0 0 0 0 
85 45 0 0 0 0 0 0 0 0 0 0 0 
87 45 0 0 0 0 0 0 0 0 0 0 0 
89 45 0 0 0 0 0 0 0 0 0 0 0 
91 45 0 0 0 0 0 0 0 0 0 0 0 
93 45 0 0 0 0 0 0 0 0 0 0 0 
95 45 0 0 0 0 0 0 0 0 0 0 0 
97 45 0 0 0 0 0 0 0 0 0 0 0 
99 45 0 0 0 0 0 0 0 0 0 0 0 
101 45 0 0 0 0 0 0 0 0 0 0 0 
103 45 0 0 0 0 0 0 0 0 0 0 0 
105 45 0 0 0 0 0 0 0 0 0 0 0 
107 45 0 0 0 0 0 0 0 0 0 0 0 
109 45 0 0 0 0 0 0 0 0 0 0 0 
111 45 0 0 0 0 0 0 0 0 0 0 0 
113 45 0 0 0 0 0 0 0 0 0 0 0 
115 45 0 0 0 0 0 0 0 0 0 0 0 
117 45 0 0 0 0 0 0 0 0 0 0 0 
119 45 0 0 0 0 0 0 0 0 0 0 0 
121 45 0 0 0 0 0 0 0 0 0 0 0 
123 45 0 0 0 0 0 0 0 0 0 0 0 
125 45 0 0 0 0 0 0 0 0 0 0 0 
127 46 0 0 0 0 0 0 0 0 0 0 0 
33 46 0 0 0 0 0 0 0 0 0 0 0 
35 46 0 0 0 0 0 0 0 0 0 0 0 
37 46 0 0 0 0 0 0 0 0 0 0 0 
39 46 0 0 0 0 0 0 0 0 0 0 0 
41 46 0 0 0 0 0 0 0 0 0 0 0 
43 46 0 0 0 0 0 0 0 0 0 0 0 
45 46 0 0 0 0 0 0 0 0 0 0 0 
47 46 0 0 0 0 0 0 0 0 0 0 0 
49 46 0 0 0 0 0 0 0 0 0 0 0 
51 46 0 0 0 0 0 0 0 0 0 0 0 
53 46 0 0 0 0 0 0 0 0 0 0 0 
55 46 0 0 0 0 0 0 0 0 0 0 0 
57 46 0 0 0 0 0 0 0 0 0 0 0 
59 46 0 0 0 0 0 0 0 0 0 0 0 
61 46 0 0 0 0 0 0 0 0 0 0 0 
63 46 0 0 0 0 0 0 0 0 0 0 0 
65 46 0 0 0 0 0 0 0 0 0 0 0 
67 46 0 0 0 0 0 0 0 0 0 0 0 
69 46 0 0 0 0 0 0 0 0 0 0 0 
71 46 0 0 0 0 0 0 0 0 0 0 0 
73 46 0 0 0 0 0 0 0 0 0 0 0 
75 46 0 0 0 0 0 0 0 0 0 0 0 
77 46 0 0 0 0 0 0 0 0 0 0 0 
79 46 0 0 0 0 0 0 0 0 0 0 0 
81 46 0 0 0 0 0 0 0 0 0 0 0 
83 46 0 0 0 0 0 0 0 0 0 0 0 
85 46 0 0 0 0 0 0 0 0 0 0 0 
87 46 0 0 0 0 0 0 0 0 0 0 0 
89 46 0 0 0 0 0 0 0 0 0 0 0 
91 46 0 0 0 0 0 0 0 0 0 0 0 
93 46 0 0 0 0 0 0 0 0 0 0 0 
95 46 0 0 0 0 0 0 0 0 0 0 0 
97 46 0 0 0 0 0 0 0 0 0 0 0 
99 46 0 0 0 0 0 0 0 0 0 0 0 
101 46 0 0 0 0 0 0 0 0 0 0 0 
103 46 0 0 0 0 0 0 0 0 0 0 0 
105 46 0 0 0 0 0 0 0 0 0 0 0 
107 46 0 0 0 0 0 0 0 0 0 0 0 
109 46 0 0 0 0 0 0 0 0 0 0 0 
111 46 0 0 0 0 0 0 0 0 0 0 0 
113 46 0 0 0 0 0 0 0 0 0 0 0 
115 46 0 0 0 0 0 0 0 0 0 0 0 
117 46 0 0 0 0 0 0 0 0 0 0 0 
119 46 0 0 0 0 0 0 0 0 0 0 0 
121 46 0 0 0 0 0 0 0 0 0 0 0 
123 46 0 0 0 0 0 0 0 0 0 0 0 
125 46 0 0 0 0 0 0 0 0 0 0 0 
127 47 0 0 0 0 0 0 0 0 0 0 0 
33 47 0 0 0 0 0 0 0 0 0 0 0 
35 47 0 0 0 0 0 0 0 0 0 0 0 
37 47 0 0 0 0 0 0 0 0 0 0 0 
39 47 0 0 0 0 0 0 0 0 0 0 0 
41 47 0 0 0 0 0 0 0 0 0 0 0 
43 47 0 0 0 0 0 0 0 0 0 0 0 
45 47 0 0 0 0 0 0 0 0 0 0 0 
47 47 0 0 0 0 0 0 0 0 0 0 0 
49 47 0 0 0 0 0 0 0 0 0 0 0 
51 47 0 0 0 0 0 0 0 0 0 0 0 
53 47 0 0 0 0 0 0 0 0 0 0 0 
55 47 0 0 0 0 0 0 0 0 0 0 0 
57 47 0 0 0 0 0 0 0 0 0 0 0 
59 47 0 0 0 0 0 0 0 0 0 0 0 
61 47 0 0 0 0 0 0 0 0 0 0 0 
63 47 0 0 0 0 0 0 0 0 0 0 0 
65 47 0 0 0 0 0 0 0 0 0 0 0 
67 47 0 0 0 0 0 0 0 0 0 0 0 
69 47 0 0 0 0 0 0 0 0 0 0 0 
71 47 0 0 0 0 0 0 0 0 0 0 0 
73 47 0 0 0 0 0 0 0 0 0 0 0 
75 47 0 0 0 0 0 0 0 0 0 0 0 
77 47 0 0 0 0 0 0 0 0 0 0 0 
79 47 0 0 0 0 0 0 0 0 0 0 0 
81 47 0 0 0 0 0 0 0 0 0 0 0 
83 47 0 0 0 0 0 0 0 0 0 0 0 
85 47 0 0 0 0 0 0 0 0 0 0 0 
87 47 0 0 0 0 0 0 0 0 0 0 0 
89 47 0 0 0 0 0 0 0 0 0 0 0 
91 47 0 0 0 0 0 0 0 0 0 0 0 
93 47 0 0 0 0 0 0 0 0 0 0 0 
95 47 0 0 0 0 0 0 0 0 0 0 0 
97 47 0 0 0 0 0 0 0 0 0 0 0 
99 47 0 0 0 0 0 0 0 0 0 0 0 
101 47 0 0 0 0 0 0 0 0 0 0 0 
103 47 0 0 0 0 0 0 0 0 0 0 0 
105 47 0 0 0 0 0 0 0 0 0 0 0 
107 47 0 0 0 0 0 0 0 0 0 0 0 
109 47 0 0 0 0 0 0 0 0 0 0 0 
111 47 0 0 0 0 0 0 0 0 0 0 0 
113 47 0 0 0 0 0 0 0 0 0 0 0 
115 47 0 0 0 0 0 0 0 0 0 0 0 
117 47 0 0 0 0 0 0 0 0 0 0 0 
119 47 0 0 0 0 0 0 0 0 0 0 0 
121 47 0 0 0 0 0 0 0 0 0 0 0 
123 47 0 0 0 0 0 0 0 0 0 0 0 
125 47 0 0 0 0 0 0 0 0 0 0 0 
127 48 0 0 0 0 0 0 0 0 0 0 0 
33 48 0 0 0 0 0 0 0 0 0 0 0 
35 48 0 0 0 0 0 0 0 0 0 0 0 
37 48 0 0 0 0 0 0 0 0 0 0 0 
39 48 0 0 0 0 0 0 0 0 0 0 0 
41 48 0 0 0 0 0 0 0 0 0 0 0 
43 48 0 0 0 0 0 0 0 0 0 0 0 
45 48 0 0 0 0 0 0 0 0 0 0 0 
47 48 0 0 0 0 0 0 0 0 0 0 0 
49 48 0 0 0 0 0 0 0 0 0 0 0 
51 48 0 0 0 0 0 0 0 0 0 0 0 
53 48 0 0 0 0 0 0 0 0 0 0 0 
55 48 0 0 0 0 0 0 0 0 0 0 0 
57 48 0 0 0 0 0 0 0 0 0 0 0 
59 48 0 0 0 0 0 0 0 0 0 0 0 
61 48 0 0 0 0 0 0 0 0 0 0 0 
63 48 0 0 0 0 0 0 0 0 0 0 0 
65 48 0 0 0 0 0 0 0 0 0 0 0 
67 48 0 0 0 0 0 0 0 0 0 0 0 
69 48 0 0 0 0 0 0 0 0 0 0 0 
71 48 0 0 0 0 0 0 0 0 0 0 0 
73 48 0 0 0 0 0 0 0 0 0 0 0 
75 48 0 0 0 0 0 0 0 0 0 0 0 
77 48 0 0 0 0 0 0 0 0 0 0 0 
79 48 0 0 0 0 0 0 0 0 0 0 0 
81 48 0 0 0 0 0 0 0 0 0 0 0 
83 48 0 0 0 0 0 0 0 0 0 0 0 
85 48 0 0 0 0 0 0 0 0 0 0 0 
87 48 0 0 0 0 0 0 0 0 0 0 0 
89 48 0 0 0 0 0 0 0 0 0 0 0 
91 48 0 0 0 0 0 0 0 0 0 0 0 
93 48 0 0 0 0 0 0 0 0 0 0 0 
95 48 0 0 0 0 0 0 0 0 0 0 0 
97 48 0 0 0 0 0 0 0 0 0 0 0 
99 48 0 0 0 0 0 0 0 0 0 0 0 
101 48 0 0 0 0 0 0 0 0 0 0 0 
103 48 0 0 0 0 0 0 0 0 0 0 0 
105 48 0 0 0 0 0 0 0 0 0 0 0 
107 48 0 0 0 0 0 0 0 0 0 0 0 
109 48 0 0 0 0 0 0 0 0 0 0 0 
111 48 0 0 0 0 0 0 0 0 0 0 0 
113 48 0 0 0 0 0 0 0 0 0 0 0 
115 48 0 0 0 0 0 0 0 0 0 0 0 
117 48 0 0 0 0 0 0 0 0 0 0 0 
119 48 0 0 0 0 0 0 0 0 0 0 0 
121 48 0 0 0 0 0 0 0 0 0 0 0 
123 48 0 0 0 0 0 0 0 0 0 0 0 
125 48 0 0 0 0 0 0 0 0 0 0 0 
127 49 0 0 0 0 0 0 0 0 0 0 0 
33 49 0 0 0 0 0 0 0 0 0 0 0 
35 49 0 0 0 0 0 0 0 0 0 0 0 
37 49 0 0 0 0 0 0 0 0 0 0 0 
39 49 0 0 0 0 0 0 0 0 0 0 0 
41 49 0 0 0 0 0 0 0 0 0 0 0 
43 49 0 0 0 0 0 0 0 0 0 0 0 
45 49 0 0 0 0 0 0 0 0 0 0 0 
47 49 0 0 0 0 0 0 0 0 0 0 0 
49 49 0 0 0 0 0 0 0 0 0 0 0 
51 49 0 0 0 0 0 0 0 0 0 0 0 
53 49 0 0 0 0 0 0 0 0 0 0 0 
55 49 0 0 0 0 0 0 0 0 0 0 0 
57 49 0 0 0 0 0 0 0 0 0 0 0 
59 49 0 0 0 0 0 0 0 0 0 0 0 
61 49 0 0 0 0 0 0 0 0 0 0 0 
63 49 0 0 0 0 0 0 0 0 0 0 0 
65 49 0 0 0 0 0 0 0 0 0 0 0 
67 49 0 0 0 0 0 0 0 0 0 0 0 
69 49 0 0 0 0 0 0 0 0 0 0 0 
71 49 0 0 0 0 0 0 0 0 0 0 0 
73 49 0 0 0 0 0 0 0 0 0 0 0 
75 49 0 0 0 0 0 0 0 0 0 0 0 
77 49 0 0 0 0 0 0 0 0 0 0 0 
79 49 0 0 0 0 0 0 0 0 0 0 0 
81 49 0 0 0 0 0 0 0 0 0 0 0 
83 49 0 0 0 0 0 0 0 0 0 0 0 
85 49 0 0 0 0 0 0 0 0 0 0 0 
87 49 0 0 0 0 0 0 0 0 0 0 0 
89 49 0 0 0 0 0 0 0 0 0 0 0 
91 49 0 0 0 0 0 0 0 0 0 0 0 
93 49 0 0 0 0 0 0 0 0 0 0 0 
95 49 0 0 0 0 0 0 0 0 0 0 0 
97 49 0 0 0 0 0 0 0 0 0 0 0 
99 49 0 0 0 0 0 0 0 0 0 0 0 
101 49 0 0 0 0 0 0 0 0 0 0 0 
103 49 0 0 0 0 0 0 0 0 0 0 0 
105 49 0 0 0 0 0 0 0 0 0 0 0 
107 49 0 0 0 0 0 0 0 0 0 0 0 
109 49 0 0 0 0 0 0 0 0 0 0 0 
111 49 0 0 0 0 0 0 0 0 0 0 0 
113 49 0 0 0 0 0 0 0 0 0 0 0 
115 49 0 0 0 0 0 0 0 0 0 0 0 
117 49 0 0 0 0 0 0 0 0 0 0 0 
119 49 0 0 0 0 0 0 0 0 0 0 0 
121 49 0 0 0 0 0 0 0 0 0 0 0 
123 49 0 0 0 0 0 0 0 0 0 0 0 
125 49 0 0 0 0 0 0 0 0 0 0 0 
127 50 0 0 0 0 0 0 0 0 0 0 0 
33 50 0 0 0 0 0 0 0 0 0 0 0 
35 50 0 0 0 0 0 0 0 0 0 0 0 
37 50 0 0 0 0 0 0 0 0 0 0 0 
39 50 0 0 0 0 0 0 0 0 0 0 0 
41 50 0 0 0 0 0 0 0 0 0 0 0 
43 50 0 0 0 0 0 0 0 0 0 0 0 
45 50 0 0 0 0 0 0 0 0 0 0 0 
47 50 0 0 0 0 0 0 0 0 0 0 0 
49 50 0 0 0 0 0 0 0 0 0 0 0 
51 50 0 0 0 0 0 0 0 0 0 0 0 
53 50 0 0 0 0 0 0 0 0 0 0 0 
55 50 0 0 0 0 0 0 0 0 0 0 0 
57 50 0 0 0 0 0 0 0 0 0 0 0 
59 50 0 0 0 0 0 0 0 0 0 0 0 
61 50 0 0 0 0 0 0 0 0 0 0 0 
63 50 0 0 0 0 0 0 0 0 0 0 0 
65 50 0 0 0 0 0 0 0 0 0 0 0 
67 50 0 0 0 0 0 0 0 0 0 0 0 
69 50 0 0 0 0 0 0 0 0 0 0 0 
71 50 0 0 0 0 0 0 0 0 0 0 0 
73 50 0 0 0 0 0 0 0 0 0 0 0 
75 50 0 0 0 0 0 0 0 0 0 0 0 
77 50 0 0 0 0 0 0 0 0 0 0 0 
79 50 0 0 0 0 0 0 0 0 0 0 0 
81 50 0 0 0 0 0 0 0 0 0 0 0 
83 50 0 0 0 0 0 0 0 0 0 0 0 
85 50 0 0 0 0 0 0 0 0 0 0 0 
87 50 0 0 0 0 0 0 0 0 0 0 0 
89 50 0 0 0 0 0 0 0 0 0 0 0 
91 50 0 0 0 0 0 0 0 0 0 0 0 
93 50 0 0 0 0 0 0 0 0 0 0 0 
95 50 0 0 0 0 0 0 0 0 0 0 0 
97 50 0 0 0 0 0 0 0 0 0 0 0 
99 50 0 0 0 0 0 0 0 0 0 0 0 
101 50 0 0 0 0 0 0 0 0 0 0 0 
103 50 0 0 0 0 0 0 0 0 0 0 0 
105 50 0 0 0 0 0 0 0 0 0 0 0 
107 50 0 0 0 0 0 0 0 0 0 0 0 
109 50 0 0 0 0 0 0 0 0 0 0 0 
111 50 0 0 0 0 0 0 0 0 0 0 0 
113 50 0 0 0 0 0 0 0 0 0 0 0 
115 50 0 0 0 0 0 0 0 0 0 0 0 
117 50 0 0 0 0 0 0 0 0 0 0 0 
119 50 0 0 0 0 0 0 0 0 0 0 0 
121 50 0 0 0 0 0 0 0 0 0 0 0 
123 50 0 0 0 0 0 0 0 0 0 0 0 
125 50 0 0 0 0 0 0 0 0 0 0 0 
127 51 0 0 0 0 0 0 0 0 0 0 0 
33 51 0 0 0 0 0 0 0 0 0 0 0 
35 51 0 0 0 0 0 0 0 0 0 0 0 
37 51 0 0 0 0 0 0 0 0 0 0 0 
39 51 0 0 0 0 0 0 0 0 0 0 0 
41 51 0 0 0 0 0 0 0 0 0 0 0 
43 51 0 0 0 0 0 0 0 0 0 0 0 
45 51 0 0 0 0 0 0 0 0 0 0 0 
47 51 0 0 0 0 0 0 0 0 0 0 0 
49 51 0 0 0 0 0 0 0 0 0 0 0 
51 51 0 0 0 0 0 0 0 0 0 0 0 
53 51 0 0 0 0 0 0 0 0 0 0 0 
55 51 0 0 0 0 0 0 0 0 0 0 0 
57 51 0 0 0 0 0 0 0 0 0 0 0 
59 51 0 0 0 0 0 0 0 0 0 0 0 
61 51 0 0 0 0 0 0 0 0 0 0 0 
63 51 0 0 0 0 0 0 0 0 0 0 0 
65 51 0 0 0 0 0 0 0 0 0 0 0 
67 51 0 0 0 0 0 0 0 0 0 0 0 
69 51 0 0 0 0 0 0 0 0 0 0 0 
71 51 0 0 0 0 0 0 0 0 0 0 0 
73 51 0 0 0 0 0 0 0 0 0 0 0 
75 51 0 0 0 0 0 0 0 0 0 0 0 
77 51 0 0 0 0 0 0 0 0 0 0 0 
79 51 0 0 0 0 0 0 0 0 0 0 0 
81 51 0 0 0 0 0 0 0 0 0 0 0 
83 51 0 0 0 0 0 0 0 0 0 0 0 
85 51 0 0 0 0 0 0 0 0 0 0 0 
87 51 0 0 0 0 0 0 0 0 0 0 0 
89 51 0 0 0 0 0 0 0 0 0 0 0 
91 51 0 0 0 0 0 0 0 0 0 0 0 
93 51 0 0 0 0 0 0 0 0 0 0 0 
95 51 0 0 0 0 0 0 0 0 0 0 0 
97 51 0 0 0 0 0 0 0 0 0 0 0 
99 51 0 0 0 0 0 0 0 0 0 0 0 
101 51 0 0 0 0 0 0 0 0 0 0 0 
103 51 0 0 0 0 0 0 0 0 0 0 0 
105 51 0 0 0 0 0 0 0 0 0 0 0 
107 51 0 0 0 0 0 0 0 0 0 0 0 
109 51 0 0 0 0 0 0 0 0 0 0 0 
111 51 0 0 0 0 0 0 0 0 0 0 0 
113 51 0 0 0 0 0 0 0 0 0 0 0 
115 51 0 0 0 0 0 0 0 0 0 0 0 
117 51 0 0 0 0 0 0 0 0 0 0 0 
119 51 0 0 0 0 0 0 0 0 0 0 0 
121 51 0 0 0 0 0 0 0 0 0 0 0 
123 51 0 0 0 0 0 0 0 0 0 0 0 
125 51 0 0 0 0 0 0 0 0 0 0 0 
127 52 0 0 0 0 0 0 0 0 0 0 0 
33 52 0 0 0 0 0 0 0 0 0 0 0 
35 52 0 0 0 0 0 0 0 0 0 0 0 
37 52 0 0 0 0 0 0 0 0 0 0 0 
39 52 0 0 0 0 0 0 0 0 0 0 0 
41 52 0 0 0 0 0 0 0 0 0 0 0 
43 52 0 0 0 0 0 0 0 0 0 0 0 
45 52 0 0 0 0 0 0 0 0 0 0 0 
47 52 0 0 0 0 0 0 0 0 0 0 0 
49 52 0 0 0 0 0 0 0 0 0 0 0 
51 52 0 0 0 0 0 0 0 0 0 0 0 
53 52 0 0 0 0 0 0 0 0 0 0 0 
55 52 0 0 0 0 0 0 0 0 0 0 0 
57 52 0 0 0 0 0 0 0 0 0 0 0 
59 52 0 0 0 0 0 0 0 0 0 0 0 
61 52 0 0 0 0 0 0 0 0 0 0 0 
63 52 0 0 0 0 0 0 0 0 0 0 0 
65 52 0 0 0 0 0 0 0 0 0 0 0 
67 52 0 0 0 0 0 0 0 0 0 0 0 
69 52 0 0 0 0 0 0 0 0 0 0 0 
71 52 0 0 0 0 0 0 0 0 0 0 0 
73 52 0 0 0 0 0 0 0 0 0 0 0 
75 52 0 0 0 0 0 0 0 0 0 0 0 
77 52 0 0 0 0 0 0 0 0 0 0 0 
79 52 0 0 0 0 0 0 0 0 0 0 0 
81 52 0 0 0 0 0 0 0 0 0 0 0 
83 52 0 0 0 0 0 0 0 0 0 0 0 
85 52 0 0 0 0 0 0 0 0 0 0 0 
87 52 0 0 0 0 0 0 0 0 0 0 0 
89 52 0 0 0 0 0 0 0 0 0 0 0 
91 52 0 0 0 0 0 0 0 0 0 0 0 
93 52 0 0 0 0 0 0 0 0 0 0 0 
95 52 0 0 0 0 0 0 0 0 0 0 0 
97 52 0 0 0 0 0 0 0 0 0 0 0 
99 52 0 0 0 0 0 0 0 0 0 0 0 
101 52 0 0 0 0 0 0 0 0 0 0 0 
103 52 0 0 0 0 0 0 0 0 0 0 0 
105 52 0 0 0 0 0 0 0 0 0 0 0 
107 52 0 0 0 0 0 0 0 0 0 0 0 
109 52 0 0 0 0 0 0 0 0 0 0 0 
111 52 0 0 0 0 0 0 0 0 0 0 0 
113 52 0 0 0 0 0 0 0 0 0 0 0 
115 52 0 0 0 0 0 0 0 0 0 0 0 
117 52 0 0 0 0 0 0 0 0 0 0 0 
119 52 0 0 0 0 0 0 0 0 0 0 0 
121 52 0 0 0 0 0 0 0 0 0 0 0 
123 52 0 0 0 0 0 0 0 0 0 0 0 
125 52 0 0 0 0 0 0 0 0 0 0 0 
127 53 0 0 0 0 0 0 0 0 0 0 0 
33 53 0 0 0 0 0 0 0 0 0 0 0 
35 53 0 0 0 0 0 0 0 0 0 0 0 
37 53 0 0 0 0 0 0 0 0 0 0 0 
39 53 0 0 0 0 0 0 0 0 0 0 0 
41 53 0 0 0 0 0 0 0 0 0 0 0 
43 53 0 0 0 0 0 0 0 0 0 0 0 
45 53 0 0 0 0 0 0 0 0 0 0 0 
47 53 0 0 0 0 0 0 0 0 0 0 0 
49 53 0 0 0 0 0 0 0 0 0 0 0 
51 53 0 0 0 0 0 0 0 0 0 0 0 
53 53 0 0 0 0 0 0 0 0 0 0 0 
55 53 0 0 0 0 0 0 0 0 0 0 0 
57 53 0 0 0 0 0 0 0 0 0 0 0 
59 53 0 0 0 0 0 0 0 0 0 0 0 
61 53 0 0 0 0 0 0 0 0 0 0 0 
63 53 0 0 0 0 0 0 0 0 0 0 0 
65 53 0 0 0 0 0 0 0 0 0 0 0 
67 53 0 0 0 0 0 0 0 0 0 0 0 
69 53 0 0 0 0 0 0 0 0 0 0 0 
71 53 0 0 0 0 0 0 0 0 0 0 0 
73 53 0 0 0 0 0 0 0 0 0 0 0 
75 53 0 0 0 0 0 0 0 0 0 0 0 
77 53 0 0 0 0 0 0 0 0 0 0 0 
79 53 0 0 0 0 0 0 0 0 0 0 0 
81 53 0 0 0 0 0 0 0 0 0 0 0 
83 53 0 0 0 0 0 0 0 0 0 0 0 
85 53 0 0 0 0 0 0 0 0 0 0 0 
87 53 0 0 0 0 0 0 0 0 0 0 0 
89 53 0 0 0 0 0 0 0 0 0 0 0 
91 53 0 0 0 0 0 0 0 0 0 0 0 
93 53 0 0 0 0 0 0 0 0 0 0 0 
95 53 0 0 0 0 0 0 0 0 0 0 0 
97 53 0 0 0 0 0 0 0 0 0 0 0 
99 53 0 0 0 0 0 0 0 0 0 0 0 
101 53 0 0 0 0 0 0 0 0 0 0 0 
103 53 0 0 0 0 0 0 0 0 0 0 0 
105 53 0 0 0 0 0 0 0 0 0 0 0 
107 53 0 0 0 0 0 0 0 0 0 0 0 
109 53 0 0 0 0 0 0 0 0 0 0 0 
111 53 0 0 0 0 0 0 0 0 0 0 0 
113 53 0 0 0 0 0 0 0 0 0 0 0 
115 53 0 0 0 0 0 0 0 0 0 0 0 
117 53 0 0 0 0 0 0 0 0 0 0 0 
119 53 0 0 0 0 0 0 0 0 0 0 0 
121 53 0 0 0 0 0 0 0 0 0 0 0 
123 53 0 0 0 0 0 0 0 0 0 0 0 
125 53 0 0 0 0 0 0 0 0 0 0 0 
127 54 0 0 0 0 0 0 0 0 0 0 0 
33 54 0 0 0 0 0 0 0 0 0 0 0 
35 54 0 0 0 0 0 0 0 0 0 0 0 
37 54 0 0 0 0 0 0 0 0 0 0 0 
39 54 0 0 0 0 0 0 0 0 0 0 0 
41 54 0 0 0 0 0 0 0 0 0 0 0 
43 54 0 0 0 0 0 0 0 0 0 0 0 
45 54 0 0 0 0 0 0 0 0 0 0 0 
47 54 0 0 0 0 0 0 0 0 0 0 0 
49 54 0 0 0 0 0 0 0 0 0 0 0 
51 54 0 0 0 0 0 0 0 0 0 0 0 
53 54 0 0 0 0 0 0 0 0 0 0 0 
55 54 0 0 0 0 0 0 0 0 0 0 0 
57 54 0 0 0 0 0 0 0 0 0 0 0 
59 54 0 0 0 0 0 0 0 0 0 0 0 
61 54 0 0 0 0 0 0 0 0 0 0 0 
63 54 0 0 0 0 0 0 0 0 0 0 0 
65 54 0 0 0 0 0 0 0 0 0 0 0 
67 54 0 0 0 0 0 0 0 0 0 0 0 
69 54 0 0 0 0 0 0 0 0 0 0 0 
71 54 0 0 0 0 0 0 0 0 0 0 0 
73 54 0 0 0 0 0 0 0 0 0 0 0 
75 54 0 0 0 0 0 0 0 0 0 0 0 
77 54 0 0 0 0 0 0 0 0 0 0 0 
79 54 0 0 0 0 0 0 0 0 0 0 0 
81 54 0 0 0 0 0 0 0 0 0 0 0 
83 54 0 0 0 0 0 0 0 0 0 0 0 
85 54 0 0 0 0 0 0 0 0 0 0 0 
87 54 0 0 0 0 0 0 0 0 0 0 0 
89 54 0 0 0 0 0 0 0 0 0 0 0 
91 54 0 0 0 0 0 0 0 0 0 0 0 
93 54 0 0 0 0 0 0 0 0 0 0 0 
95 54 0 0 0 0 0 0 0 0 0 0 0 
97 54 0 0 0 0 0 0 0 0 0 0 0 
99 54 0 0 0 0 0 0 0 0 0 0 0 
101 54 0 0 0 0 0 0 0 0 0 0 0 
103 54 0 0 0 0 0 0 0 0 0 0 0 
105 54 0 0 0 0 0 0 0 0 0 0 0 
107 54 0 0 0 0 0 0 0 0 0 0 0 
109 54 0 0 0 0 0 0 0 0 0 0 0 
111 54 0 0 0 0 0 0 0 0 0 0 0 
113 54 0 0 0 0 0 0 0 0 0 0 0 
115 54 0 0 0 0 0 0 0 0 0 0 0 
117 54 0 0 0 0 0 0 0 0 0 0 0 
119 54 0 0 0 0 0 0 0 0 0 0 0 
121 54 0 0 0 0 0 0 0 0 0 0 0 
123 54 0 0 0 0 0 0 0 0 0 0 0 
125 54 0 0 0 0 0 0 0 0 0 0 0 
127 55 0 0 0 0 0 0 0 0 0 0 0 
33 55 0 0 0 0 0 0 0 0 0 0 0 
35 55 0 0 0 0 0 0 0 0 0 0 0 
37 55 0 0 0 0 0 0 0 0 0 0 0 
39 55 0 0 0 0 0 0 0 0 0 0 0 
41 55 0 0 0 0 0 0 0 0 0 0 0 
43 55 0 0 0 0 0 0 0 0 0 0 0 
45 55 0 0 0 0 0 0 0 0 0 0 0 
47 55 0 0 0 0 0 0 0 0 0 0 0 
49 55 0 0 0 0 0 0 0 0 0 0 0 
51 55 0 0 0 0 0 0 0 0 0 0 0 
53 55 0 0 0 0 0 0 0 0 0 0 0 
55 55 0 0 0 0 0 0 0 0 0 0 0 
57 55 0 0 0 0 0 0 0 0 0 0 0 
59 55 0 0 0 0 0 0 0 0 0 0 0 
61 55 0 0 0 0 0 0 0 0 0 0 0 
63 55 0 0 0 0 0 0 0 0 0 0 0 
65 55 0 0 0 0 0 0 0 0 0 0 0 
67 55 0 0 0 0 0 0 0 0 0 0 0 
69 55 0 0 0 0 0 0 0 0 0 0 0 
71 55 0 0 0 0 0 0 0 0 0 0 0 
73 55 0 0 0 0 0 0 0 0 0 0 0 
75 55 0 0 0 0 0 0 0 0 0 0 0 
77 55 0 0 0 0 0 0 0 0 0 0 0 
79 55 0 0 0 0 0 0 0 0 0 0 0 
81 55 0 0 0 0 0 0 0 0 0 0 0 
83 55 0 0 0 0 0 0 0 0 0 0 0 
85 55 0 0 0 0 0 0 0 0 0 0 0 
87 55 0 0 0 0 0 0 0 0 0 0 0 
89 55 0 0 0 0 0 0 0 0 0 0 0 
91 55 0 0 0 0 0 0 0 0 0 0 0 
93 55 0 0 0 0 0 0 0 0 0 0 0 
95 55 0 0 0 0 0 0 0 0 0 0 0 
97 55 0 0 0 0 0 0 0 0 0 0 0 
99 55 0 0 0 0 0 0 0 0 0 0 0 
101 55 0 0 0 0 0 0 0 0 0 0 0 
103 55 0 0 0 0 0 0 0 0 0 0 0 
105 55 0 0 0 0 0 0 0 0 0 0 0 
107 55 0 0 0 0 0 0 0 0 0 0 0 
109 55 0 0 0 0 0 0 0 0 0 0 0 
111 55 0 0 0 0 0 0 0 0 0 0 0 
113 55 0 0 0 0 0 0 0 0 0 0 0 
115 55 0 0 0 0 0 0 0 0 0 0 0 
117 55 0 0 0 0 0 0 0 0 0 0 0 
119 55 0 0 0 0 0 0 0 0 0 0 0 
121 55 0 0 0 0 0 0 0 0 0 0 0 
123 55 0 0 0 0 0 0 0 0 0 0 0 
125 55 0 0 0 0 0 0 0 0 0 0 0 
127 56 0 0 0 0 0 0 0 0 0 0 0 
33 56 0 0 0 0 0 0 0 0 0 0 0 
35 56 0 0 0 0 0 0 0 0 0 0 0 
37 56 0 0 0 0 0 0 0 0 0 0 0 
39 56 0 0 0 0 0 0 0 0 0 0 0 
41 56 0 0 0 0 0 0 0 0 0 0 0 
43 56 0 0 0 0 0 0 0 0 0 0 0 
45 56 0 0 0 0 0 0 0 0 0 0 0 
47 56 0 0 0 0 0 0 0 0 0 0 0 
49 56 0 0 0 0 0 0 0 0 0 0 0 
51 56 0 0 0 0 0 0 0 0 0 0 0 
53 56 0 0 0 0 0 0 0 0 0 0 0 
55 56 0 0 0 0 0 0 0 0 0 0 0 
57 56 0 0 0 0 0 0 0 0 0 0 0 
59 56 0 0 0 0 0 0 0 0 0 0 0 
61 56 0 0 0 0 0 0 0 0 0 0 0 
63 56 0 0 0 0 0 0 0 0 0 0 0 
65 56 0 0 0 0 0 0 0 0 0 0 0 
67 56 0 0 0 0 0 0 0 0 0 0 0 
69 56 0 0 0 0 0 0 0 0 0 0 0 
71 56 0 0 0 0 0 0 0 0 0 0 0 
73 56 0 0 0 0 0 0 0 0 0 0 0 
75 56 0 0 0 0 0 0 0 0 0 0 0 
77 56 0 0 0 0 0 0 0 0 0 0 0 
79 56 0 0 0 0 0 0 0 0 0 0 0 
81 56 0 0 0 0 0 0 0 0 0 0 0 
83 56 0 0 0 0 0 0 0 0 0 0 0 
85 56 0 0 0 0 0 0 0 0 0 0 0 
87 56 0 0 0 0 0 0 0 0 0 0 0 
89 56 0 0 0 0 0 0 0 0 0 0 0 
91 56 0 0 0 0 0 0 0 0 0 0 0 
93 56 0 0 0 0 0 0 0 0 0 0 0 
95 56 0 0 0 0 0 0 0 0 0 0 0 
97 56 0 0 0 0 0 0 0 0 0 0 0 
99 56 0 0 0 0 0 0 0 0 0 0 0 
101 56 0 0 0 0 0 0 0 0 0 0 0 
103 56 0 0 0 0 0 0 0 0 0 0 0 
105 56 0 0 0 0 0 0 0 0 0 0 0 
107 56 0 0 0 0 0 0 0 0 0 0 0 
109 56 0 0 0 0 0 0 0 0 0 0 0 
111 56 0 0 0 0 0 0 0 0 0 0 0 
113 56 0 0 0 0 0 0 0 0 0 0 0 
115 56 0 0 0 0 0 0 0 0 0 0 0 
117 56 0 0 0 0 0 0 0 0 0 0 0 
119 56 0 0 0 0 0 0 0 0 0 0 0 
121 56 0 0 0 0 0 0 0 0 0 0 0 
123 56 0 0 0 0 0 0 0 0 0 0 0 
125 56 0 0 0 0 0 0 0 0 0 0 0 
127 57 0 0 0 0 0 0 0 0 0 0 0 
33 57 0 0 0 0 0 0 0 0 0 0 0 
35 57 0 0 0 0 0 0 0 0 0 0 0 
37 57 0 0 0 0 0 0 0 0 0 0 0 
39 57 0 0 0 0 0 0 0 0 0 0 0 
41 57 0 0 0 0 0 0 0 0 0 0 0 
43 57 0 0 0 0 0 0 0 0 0 0 0 
45 57 0 0 0 0 0 0 0 0 0 0 0 
47 57 0 0 0 0 0 0 0 0 0 0 0 
49 57 0 0 0 0 0 0 0 0 0 0 0 
51 57 0 0 0 0 0 0 0 0 0 0 0 
53 57 0 0 0 0 0 0 0 0 0 0 0 
55 57 0 0 0 0 0 0 0 0 0 0 0 
57 57 0 0 0 0 0 0 0 0 0 0 0 
59 57 0 0 0 0 0 0 0 0 0 0 0 
61 57 0 0 0 0 0 0 0 0 0 0 0 
63 57 0 0 0 0 0 0 0 0 0 0 0 
65 57 0 0 0 0 0 0 0 0 0 0 0 
67 57 0 0 0 0 0 0 0 0 0 0 0 
69 57 0 0 0 0 0 0 0 0 0 0 0 
71 57 0 0 0 0 0 0 0 0 0 0 0 
73 57 0 0 0 0 0 0 0 0 0 0 0 
75 57 0 0 0 0 0 0 0 0 0 0 0 
77 57 0 0 0 0 0 0 0 0 0 0 0 
79 57 0 0 0 0 0 0 0 0 0 0 0 
81 57 0 0 0 0 0 0 0 0 0 0 0 
83 57 0 0 0 0 0 0 0 0 0 0 0 
85 57 0 0 0 0 0 0 0 0 0 0 0 
87 57 0 0 0 0 0 0 0 0 0 0 0 
89 57 0 0 0 0 0 0 0 0 0 0 0 
91 57 0 0 0 0 0 0 0 0 0 0 0 
93 57 0 0 0 0 0 0 0 0 0 0 0 
95 57 0 0 0 0 0 0 0 0 0 0 0 
97 57 0 0 0 0 0 0 0 0 0 0 0 
99 57 0 0 0 0 0 0 0 0 0 0 0 
101 57 0 0 0 0 0 0 0 0 0 0 0 
103 57 0 0 0 0 0 0 0 0 0 0 0 
105 57 0 0 0 0 0 0 0 0 0 0 0 
107 57 0 0 0 0 0 0 0 0 0 0 0 
109 57 0 0 0 0 0 0 0 0 0 0 0 
111 57 0 0 0 0 0 0 0 0 0 0 0 
113 57 0 0 0 0 0 0 0 0 0 0 0 
115 57 0 0 0 0 0 0 0 0 0 0 0 
117 57 0 0 0 0 0 0 0 0 0 0 0 
119 57 0 0 0 0 0 0 0 0 0 0 0 
121 57 0 0 0 0 0 0 0 0 0 0 0 
123 57 0 0 0 0 0 0 0 0 0 0 0 
125 57 0 0 0 0 0 0 0 0 0 0 0 
127 58 0 0 0 0 0 0 0 0 0 0 0 
33 58 0 0 0 0 0 0 0 0 0 0 0 
35 58 0 0 0 0 0 0 0 0 0 0 0 
37 58 0 0 0 0 0 0 0 0 0 0 0 
39 58 0 0 0 0 0 0 0 0 0 0 0 
41 58 0 0 0 0 0 0 0 0 0 0 0 
43 58 0 0 0 0 0 0 0 0 0 0 0 
45 58 0 0 0 0 0 0 0 0 0 0 0 
47 58 0 0 0 0 0 0 0 0 0 0 0 
49 58 0 0 0 0 0 0 0 0 0 0 0 
51 58 0 0 0 0 0 0 0 0 0 0 0 
53 58 0 0 0 0 0 0 0 0 0 0 0 
55 58 0 0 0 0 0 0 0 0 0 0 0 
57 58 0 0 0 0 0 0 0 0 0 0 0 
59 58 0 0 0 0 0 0 0 0 0 0 0 
61 58 0 0 0 0 0 0 0 0 0 0 0 
63 58 0 0 0 0 0 0 0 0 0 0 0 
65 58 0 0 0 0 0 0 0 0 0 0 0 
67 58 0 0 0 0 0 0 0 0 0 0 0 
69 58 0 0 0 0 0 0 0 0 0 0 0 
71 58 0 0 0 0 0 0 0 0 0 0 0 
73 58 0 0 0 0 0 0 0 0 0 0 0 
75 58 0 0 0 0 0 0 0 0 0 0 0 
77 58 0 0 0 0 0 0 0 0 0 0 0 
79 58 0 0 0 0 0 0 0 0 0 0 0 
81 58 0 0 0 0 0 0 0 0 0 0 0 
83 58 0 0 0 0 0 0 0 0 0 0 0 
85 58 0 0 0 0 0 0 0 0 0 0 0 
87 58 0 0 0 0 0 0 0 0 0 0 0 
89 58 0 0 0 0 0 0 0 0 0 0 0 
91 58 0 0 0 0 0 0 0 0 0 0 0 
93 58 0 0 0 0 0 0 0 0 0 0 0 
95 58 0 0 0 0 0 0 0 0 0 0 0 
97 58 0 0 0 0 0 0 0 0 0 0 0 
99 58 0 0 0 0 0 0 0 0 0 0 0 
101 58 0 0 0 0 0 0 0 0 0 0 0 
103 58 0 0 0 0 0 0 0 0 0 0 0 
105 58 0 0 0 0 0 0 0 0 0 0 0 
107 58 0 0 0 0 0 0 0 0 0 0 0 
109 58 0 0 0 0 0 0 0 0 0 0 0 
111 58 0 0 0 0 0 0 0 0 0 0 0 
113 58 0 0 0 0 0 0 0 0 0 0 0 
115 58 0 0 0 0 0 0 0 0 0 0 0 
117 58 0 0 0 0 0 0 0 0 0 0 0 
119 58 0 0 0 0 0 0 0 0 0 0 0 
121 58 0 0 0 0 0 0 0 0 0 0 0 
123 58 0 0 0 0 0 0 0 0 0 0 0 
125 58 0 0 0 0 0 0 0 0 0 0 0 
127 59 0 0 0 0 0 0 0 0 0 0 0 
33 59 0 0 0 0 0 0 0 0 0 0 0 
35 59 0 0 0 0 0 0 0 0 0 0 0 
37 59 0 0 0 0 0 0 0 0 0 0 0 
39 59 0 0 0 0 0 0 0 0 0 0 0 
41 59 0 0 0 0 0 0 0 0 0 0 0 
43 59 0 0 0 0 0 0 0 0 0 0 0 
45 59 0 0 0 0 0 0 0 0 0 0 0 
47 59 0 0 0 0 0 0 0 0 0 0 0 
49 59 0 0 0 0 0 0 0 0 0 0 0 
51 59 0 0 0 0 0 0 0 0 0 0 0 
53 59 0 0 0 0 0 0 0 0 0 0 0 
55 59 0 0 0 0 0 0 0 0 0 0 0 
57 59 0 0 0 0 0 0 0 0 0 0 0 
59 59 0 0 0 0 0 0 0 0 0 0 0 
61 59 0 0 0 0 0 0 0 0 0 0 0 
63 59 0 0 0 0 0 0 0 0 0 0 0 
65 59 0 0 0 0 0 0 0 0 0 0 0 
67 59 0 0 0 0 0 0 0 0 0 0 0 
69 59 0 0 0 0 0 0 0 0 0 0 0 
71 59 0 0 0 0 0 0 0 0 0 0 0 
73 59 0 0 0 0 0 0 0 0 0 0 0 
75 59 0 0 0 0 0 0 0 0 0 0 0 
77 59 0 0 0 0 0 0 0 0 0 0 0 
79 59 0 0 0 0 0 0 0 0 0 0 0 
81 59 0 0 0 0 0 0 0 0 0 0 0 
83 59 0 0 0 0 0 0 0 0 0 0 0 
85 59 0 0 0 0 0 0 0 0 0 0 0 
87 59 0 0 0 0 0 0 0 0 0 0 0 
89 59 0 0 0 0 0 0 0 0 0 0 0 
91 59 0 0 0 0 0 0 0 0 0 0 0 
93 59 0 0 0 0 0 0 0 0 0 0 0 
95 59 0 0 0 0 0 0 0 0 0 0 0 
97 59 0 0 0 0 0 0 0 0 0 0 0 
99 59 0 0 0 0 0 0 0 0 0 0 0 
101 59 0 0 0 0 0 0 0 0 0 0 0 
103 59 0 0 0 0 0 0 0 0 0 0 0 
105 59 0 0 0 0 0 0 0 0 0 0 0 
107 59 0 0 0 0 0 0 0 0 0 0 0 
109 59 0 0 0 0 0 0 0 0 0 0 0 
111 59 0 0 0 0 0 0 0 0 0 0 0 
113 59 0 0 0 0 0 0 0 0 0 0 0 
115 59 0 0 0 0 0 0 0 0 0 0 0 
117 59 0 0 0 0 0 0 0 0 0 0 0 
119 59 0 0 0 0 0 0 0 0 0 0 0 
121 59 0 0 0 0 0 0 0 0 0 0 0 
123 59 0 0 0 0 0 0 0 0 0 0 0 
125 59 0 0 0 0 0 0 0 0 0 0 0 
127 60 0 0 0 0 0 0 0 0 0 0 0 
33 60 0 0 0 0 0 0 0 0 0 0 0 
35 60 0 0 0 0 0 0 0 0 0 0 0 
37 60 0 0 0 0 0 0 0 0 0 0 0 
39 60 0 0 0 0 0 0 0 0 0 0 0 
41 60 0 0 0 0 0 0 0 0 0 0 0 
43 60 0 0 0 0 0 0 0 0 0 0 0 
45 60 0 0 0 0 0 0 0 0 0 0 0 
47 60 0 0 0 0 0 0 0 0 0 0 0 
49 60 0 0 0 0 0 0 0 0 0 0 0 
51 60 0 0 0 0 0 0 0 0 0 0 0 
53 60 0 0 0 0 0 0 0 0 0 0 0 
55 60 0 0 0 0 0 0 0 0 0 0 0 
57 60 0 0 0 0 0 0 0 0 0 0 0 
59 60 0 0 0 0 0 0 0 0 0 0 0 
61 60 0 0 0 0 0 0 0 0 0 0 0 
63 60 0 0 0 0 0 0 0 0 0 0 0 
65 60 0 0 0 0 0 0 0 0 0 0 0 
67 60 0 0 0 0 0 0 0 0 0 0 0 
69 60 0 0 0 0 0 0 0 0 0 0 0 
71 60 0 0 0 0 0 0 0 0 0 0 0 
73 60 0 0 0 0 0 0 0 0 0 0 0 
75 60 0 0 0 0 0 0 0 0 0 0 0 
77 60 0 0 0 0 0 0 0 0 0 0 0 
79 60 0 0 0 0 0 0 0 0 0 0 0 
81 60 0 0 0 0 0 0 0 0 0 0 0 
83 60 0 0 0 0 0 0 0 0 0 0 0 
85 60 0 0 0 0 0 0 0 0 0 0 0 
87 60 0 0 0 0 0 0 0 0 0 0 0 
89 60 0 0 0 0 0 0 0 0 0 0 0 
91 60 0 0 0 0 0 0 0 0 0 0 0 
93 60 0 0 0 0 0 0 0 0 0 0 0 
95 60 0 0 0 0 0 0 0 0 0 0 0 
97 60 0 0 0 0 0 0 0 0 0 0 0 
99 60 0 0 0 0 0 0 0 0 0 0 0 
101 60 0 0 0 0 0 0 0 0 0 0 0 
103 60 0 0 0 0 0 0 0 0 0 0 0 
105 60 0 0 0 0 0 0 0 0 0 0 0 
107 60 0 0 0 0 0 0 0 0 0 0 0 
109 60 0 0 0 0 0 0 0 0 0 0 0 
111 60 0 0 0 0 0 0 0 0 0 0 0 
113 60 0 0 0 0 0 0 0 0 0 0 0 
115 60 0 0 0 0 0 0 0 0 0 0 0 
117 60 0 0 0 0 0 0 0 0 0 0 0 
119 60 0 0 0 0 0 0 0 0 0 0 0 
121 60 0 0 0 0 0 0 0 0 0 0 0 
123 60 0 0 0 0 0 0 0 0 0 0 0 
125 60 0 0 0 0 0 0 0 0 0 0 0 
127 61 0 0 0 0 0 0 0 0 0 0 0 
33 61 0 0 0 0 0 0 0 0 0 0 0 
35 61 0 0 0 0 0 0 0 0 0 0 0 
37 61 0 0 0 0 0 0 0 0 0 0 0 
39 61 0 0 0 0 0 0 0 0 0 0 0 
41 61 0 0 0 0 0 0 0 0 0 0 0 
43 61 0 0 0 0 0 0 0 0 0 0 0 
45 61 0 0 0 0 0 0 0 0 0 0 0 
47 61 0 0 0 0 0 0 0 0 0 0 0 
49 61 0 0 0 0 0 0 0 0 0 0 0 
51 61 0 0 0 0 0 0 0 0 0 0 0 
53 61 0 0 0 0 0 0 0 0 0 0 0 
55 61 0 0 0 0 0 0 0 0 0 0 0 
57 61 0 0 0 0 0 0 0 0 0 0 0 
59 61 0 0 0 0 0 0 0 0 0 0 0 
61 61 0 0 0 0 0 0 0 0 0 0 0 
63 61 0 0 0 0 0 0 0 0 0 0 0 
65 61 0 0 0 0 0 0 0 0 0 0 0 
67 61 0 0 0 0 0 0 0 0 0 0 0 
69 61 0 0 0 0 0 0 0 0 0 0 0 
71 61 0 0 0 0 0 0 0 0 0 0 0 
73 61 0 0 0 0 0 0 0 0 0 0 0 
75 61 0 0 0 0 0 0 0 0 0 0 0 
77 61 0 0 0 0 0 0 0 0 0 0 0 
79 61 0 0 0 0 0 0 0 0 0 0 0 
81 61 0 0 0 0 0 0 0 0 0 0 0 
83 61 0 0 0 0 0 0 0 0 0 0 0 
85 61 0 0 0 0 0 0 0 0 0 0 0 
87 61 0 0 0 0 0 0 0 0 0 0 0 
89 61 0 0 0 0 0 0 0 0 0 0 0 
91 61 0 0 0 0 0 0 0 0 0 0 0 
93 61 0 0 0 0 0 0 0 0 0 0 0 
95 61 0 0 0 0 0 0 0 0 0 0 0 
97 61 0 0 0 0 0 0 0 0 0 0 0 
99 61 0 0 0 0 0 0 0 0 0 0 0 
101 61 0 0 0 0 0 0 0 0 0 0 0 
103 61 0 0 0 0 0 0 0 0 0 0 0 
105 61 0 0 0 0 0 0 0 0 0 0 0 
107 61 0 0 0 0 0 0 0 0 0 0 0 
109 61 0 0 0 0 0 0 0 0 0 0 0 
111 61 0 0 0 0 0 0 0 0 0 0 0 
113 61 0 0 0 0 0 0 0 0 0 0 0 
115 61 0 0 0 0 0 0 0 0 0 0 0 
117 61 0 0 0 0 0 0 0 0 0 0 0 
119 61 0 0 0 0 0 0 0 0 0 0 0 
121 61 0 0 0 0 0 0 0 0 0 0 0 
123 61 0 0 0 0 0 0 0 0 0 0 0 
125 61 0 0 0 0 0 0 0 0 0 0 0 
127 62 0 0 0 0 0 0 0 0 0 0 0 
33 62 0 0 0 0 0 0 0 0 0 0 0 
35 62 0 0 0 0 0 0 0 0 0 0 0 
37 62 0 0 0 0 0 0 0 0 0 0 0 
39 62 0 0 0 0 0 0 0 0 0 0 0 
41 62 0 0 0 0 0 0 0 0 0 0 0 
43 62 0 0 0 0 0 0 0 0 0 0 0 
45 62 0 0 0 0 0 0 0 0 0 0 0 
47 62 0 0 0 0 0 0 0 0 0 0 0 
49 62 0 0 0 0 0 0 0 0 0 0 0 
51 62 0 0 0 0 0 0 0 0 0 0 0 
53 62 0 0 0 0 0 0 0 0 0 0 0 
55 62 0 0 0 0 0 0 0 0 0 0 0 
57 62 0 0 0 0 0 0 0 0 0 0 0 
59 62 0 0 0 0 0 0 0 0 0 0 0 
61 62 0 0 0 0 0 0 0 0 0 0 0 
63 62 0 0 0 0 0 0 0 0 0 0 0 
65 62 0 0 0 0 0 0 0 0 0 0 0 
67 62 0 0 0 0 0 0 0 0 0 0 0 
69 62 0 0 0 0 0 0 0 0 0 0 0 
71 62 0 0 0 0 0 0 0 0 0 0 0 
73 62 0 0 0 0 0 0 0 0 0 0 0 
75 62 0 0 0 0 0 0 0 0 0 0 0 
77 62 0 0 0 0 0 0 0 0 0 0 0 
79 62 0 0 0 0 0 0 0 0 0 0 0 
81 62 0 0 0 0 0 0 0 0 0 0 0 
83 62 0 0 0 0 0 0 0 0 0 0 0 
85 62 0 0 0 0 0 0 0 0 0 0 0 
87 62 0 0 0 0 0 0 0 0 0 0 0 
89 62 0 0 0 0 0 0 0 0 0 0 0 
91 62 0 0 0 0 0 0 0 0 0 0 0 
93 62 0 0 0 0 0 0 0 0 0 0 0 
95 62 0 0 0 0 0 0 0 0 0 0 0 
97 62 0 0 0 0 0 0 0 0 0 0 0 
99 62 0 0 0 0 0 0 0 0 0 0 0 
101 62 0 0 0 0 0 0 0 0 0 0 0 
103 62 0 0 0 0 0 0 0 0 0 0 0 
105 62 0 0 0 0 0 0 0 0 0 0 0 
107 62 0 0 0 0 0 0 0 0 0 0 0 
109 62 0 0 0 0 0 0 0 0 0 0 0 
111 62 0 0 0 0 0 0 0 0 0 0 0 
113 62 0 0 0 0 0 0 0 0 0 0 0 
115 62 0 0 0 0 0 0 0 0 0 0 0 
117 62 0 0 0 0 0 0 0 0 0 0 0 
119 62 0 0 0 0 0 0 0 0 0 0 0 
121 62 0 0 0 0 0 0 0 0 0 0 0 
123 62 0 0 0 0 0 0 0 0 0 0 0 
125 62 0 0 0 0 0 0 0 0 0 0 0 
127 63 0 0 0 0 0 0 0 0 0 0 0 
33 63 0 0 0 0 0 0 0 0 0 0 0 
35 63 0 0 0 0 0 0 0 0 0 0 0 
37 63 0 0 0 0 0 0 0 0 0 0 0 
39 63 0 0 0 0 0 0 0 0 0 0 0 
41 63 0 0 0 0 0 0 0 0 0 0 0 
43 63 0 0 0 0 0 0 0 0 0 0 0 
45 63 0 0 0 0 0 0 0 0 0 0 0 
47 63 0 0 0 0 0 0 0 0 0 0 0 
49 63 0 0 0 0 0 0 0 0 0 0 0 
51 63 0 0 0 0 0 0 0 0 0 0 0 
53 63 0 0 0 0 0 0 0 0 0 0 0 
55 63 0 0 0 0 0 0 0 0 0 0 0 
57 63 0 0 0 0 0 0 0 0 0 0 0 
59 63 0 0 0 0 0 0 0 0 0 0 0 
61 63 0 0 0 0 0 0 0 0 0 0 0 
63 63 0 0 0 0 0 0 0 0 0 0 0 
65 63 0 0 0 0 0 0 0 0 0 0 0 
67 63 0 0 0 0 0 0 0 0 0 0 0 
69 63 0 0 0 0 0 0 0 0 0 0 0 
71 63 0 0 0 0 0 0 0 0 0 0 0 
73 63 0 0 0 0 0 0 0 0 0 0 0 
75 63 0 0 0 0 0 0 0 0 0 0 0 
77 63 0 0 0 0 0 0 0 0 0 0 0 
79 63 0 0 0 0 0 0 0 0 0 0 0 
81 63 0 0 0 0 0 0 0 0 0 0 0 
83 63 0 0 0 0 0 0 0 0 0 0 0 
85 63 0 0 0 0 0 0 0 0 0 0 0 
87 63 0 0 0 0 0 0 0 0 0 0 0 
89 63 0 0 0 0 0 0 0 0 0 0 0 
91 63 0 0 0 0 0 0 0 0 0 0 0 
93 63 0 0 0 0 0 0 0 0 0 0 0 
95 63 0 0 0 0 0 0 0 0 0 0 0 
97 63 0 0 0 0 0 0 0 0 0 0 0 
99 63 0 0 0 0 0 0 0 0 0 0 0 
101 63 0 0 0 0 0 0 0 0 0 0 0 
103 63 0 0 0 0 0 0 0 0 0 0 0 
105 63 0 0 0 0 0 0 0 0 0 0 0 
107 63 0 0 0 0 0 0 0 0 0 0 0 
109 63 0 0 0 0 0 0 0 0 0 0 0 
111 63 0 0 0 0 0 0 0 0 0 0 0 
113 63 0 0 0 0 0 0 0 0 0 0 0 
115 63 0 0 0 0 0 0 0 0 0 0 0 
117 63 0 0 0 0 0 0 0 0 0 0 0 
119 63 0 0 0 0 0 0 0 0 0 0 0 
121 63 0 0 0 0 0 0 0 0 0 0 0 
123 63 0 0 0 0 0 0 0 0 0 0 0 
125 63 0 0 0 0 0 0 0 0 0 0 0 
127 64 0 0 0 0 0 0 0 0 0 0 0 
33 64 0 0 0 0 0 0 0 0 0 0 0 
35 64 0 0 0 0 0 0 0 0 0 0 0 
37 64 0 0 0 0 0 0 0 0 0 0 0 
39 64 0 0 0 0 0 0 0 0 0 0 0 
41 64 0 0 0 0 0 0 0 0 0 0 0 
43 64 0 0 0 0 0 0 0 0 0 0 0 
45 64 0 0 0 0 0 0 0 0 0 0 0 
47 64 0 0 0 0 0 0 0 0 0 0 0 
49 64 0 0 0 0 0 0 0 0 0 0 0 
51 64 0 0 0 0 0 0 0 0 0 0 0 
53 64 0 0 0 0 0 0 0 0 0 0 0 
55 64 0 0 0 0 0 0 0 0 0 0 0 
57 64 0 0 0 0 0 0 0 0 0 0 0 
59 64 0 0 0 0 0 0 0 0 0 0 0 
61 64 0 0 0 0 0 0 0 0 0 0 0 
63 64 0 0 0 0 0 0 0 0 0 0 0 
65 64 0 0 0 0 0 0 0 0 0 0 0 
67 64 0 0 0 0 0 0 0 0 0 0 0 
69 64 0 0 0 0 0 0 0 0 0 0 0 
71 64 0 0 0 0 0 0 0 0 0 0 0 
73 64 0 0 0 0 0 0 0 0 0 0 0 
75 64 0 0 0 0 0 0 0 0 0 0 0 
77 64 0 0 0 0 0 0 0 0 0 0 0 
79 64 0 0 0 0 0 0 0 0 0 0 0 
81 64 0 0 0 0 0 0 0 0 0 0 0 
83 64 0 0 0 0 0 0 0 0 0 0 0 
85 64 0 0 0 0 0 0 0 0 0 0 0 
87 64 0 0 0 0 0 0 0 0 0 0 0 
89 64 0 0 0 0 0 0 0 0 0 0 0 
91 64 0 0 0 0 0 0 0 0 0 0 0 
93 64 0 0 0 0 0 0 0 0 0 0 0 
95 64 0 0 0 0 0 0 0 0 0 0 0 
97 64 0 0 0 0 0 0 0 0 0 0 0 
99 64 0 0 0 0 0 0 0 0 0 0 0 
101 64 0 0 0 0 0 0 0 0 0 0 0 
103 64 0 0 0 0 0 0 0 0 0 0 0 
105 64 0 0 0 0 0 0 0 0 0 0 0 
107 64 0 0 0 0 0 0 0 0 0 0 0 
109 64 0 0 0 0 0 0 0 0 0 0 0 
111 64 0 0 0 0 0 0 0 0 0 0 0 
113 64 0 0 0 0 0 0 0 0 0 0 0 
115 64 0 0 0 0 0 0 0 0 0 0 0 
117 64 0 0 0 0 0 0 0 0 0 0 0 
119 64 0 0 0 0 0 0 0 0 0 0 0 
121 64 0 0 0 0 0 0 0 0 0 0 0 
123 64 0 0 0 0 0 0 0 0 0 0 0 
125 64 0 0 0 0 0 0 0 0 0 0 0 
127 65 0 0 0 0 0 0 0 0 0 0 0 
33 65 0 0 0 0 0 0 0 0 0 0 0 
35 65 0 0 0 0 0 0 0 0 0 0 0 
37 65 0 0 0 0 0 0 0 0 0 0 0 
39 65 0 0 0 0 0 0 0 0 0 0 0 
41 65 0 0 0 0 0 0 0 0 0 0 0 
43 65 0 0 0 0 0 0 0 0 0 0 0 
45 65 0 0 0 0 0 0 0 0 0 0 0 
47 65 0 0 0 0 0 0 0 0 0 0 0 
49 65 0 0 0 0 0 0 0 0 0 0 0 
51 65 0 0 0 0 0 0 0 0 0 0 0 
53 65 0 0 0 0 0 0 0 0 0 0 0 
55 65 0 0 0 0 0 0 0 0 0 0 0 
57 65 0 0 0 0 0 0 0 0 0 0 0 
59 65 0 0 0 0 0 0 0 0 0 0 0 
61 65 0 0 0 0 0 0 0 0 0 0 0 
63 65 0 0 0 0 0 0 0 0 0 0 0 
65 65 0 0 0 0 0 0 0 0 0 0 0 
67 65 0 0 0 0 0 0 0 0 0 0 0 
69 65 0 0 0 0 0 0 0 0 0 0 0 
71 65 0 0 0 0 0 0 0 0 0 0 0 
73 65 0 0 0 0 0 0 0 0 0 0 0 
75 65 0 0 0 0 0 0 0 0 0 0 0 
77 65 0 0 0 0 0 0 0 0 0 0 0 
79 65 0 0 0 0 0 0 0 0 0 0 0 
81 65 0 0 0 0 0 0 0 0 0 0 0 
83 65 0 0 0 0 0 0 0 0 0 0 0 
85 65 0 0 0 0 0 0 0 0 0 0 0 
87 65 0 0 0 0 0 0 0 0 0 0 0 
89 65 0 0 0 0 0 0 0 0 0 0 0 
91 65 0 0 0 0 0 0 0 0 0 0 0 
93 65 0 0 0 0 0 0 0 0 0 0 0 
95 65 0 0 0 0 0 0 0 0 0 0 0 
97 65 0 0 0 0 0 0 0 0 0 0 0 
99 65 0 0 0 0 0 0 0 0 0 0 0 
101 65 0 0 0 0 0 0 0 0 0 0 0 
103 65 0 0 0 0 0 0 0 0 0 0 0 
105 65 0 0 0 0 0 0 0 0 0 0 0 
107 65 0 0 0 0 0 0 0 0 0 0 0 
109 65 0 0 0 0 0 0 0 0 0 0 0 
111 65 0 0 0 0 0 0 0 0 0 0 0 
113 65 0 0 0 0 0 0 0 0 0 0 0 
115 65 0 0 0 0 0 0 0 0 0 0 0 
117 65 0 0 0 0 0 0 0 0 0 0 0 
119 65 0 0 0 0 0 0 0 0 0 0 0 
121 65 0 0 0 0 0 0 0 0 0 0 0 
123 65 0 0 0 0 0 0 0 0 0 0 0 
125 65 0 0 0 0 0 0 0 0 0 0 0 
127 66 0 0 0 0 0 0 0 0 0 0 0 
33 66 0 0 0 0 0 0 0 0 0 0 0 
35 66 0 0 0 0 0 0 0 0 0 0 0 
37 66 0 0 0 0 0 0 0 0 0 0 0 
39 66 0 0 0 0 0 0 0 0 0 0 0 
41 66 0 0 0 0 0 0 0 0 0 0 0 
43 66 0 0 0 0 0 0 0 0 0 0 0 
45 66 0 0 0 0 0 0 0 0 0 0 0 
47 66 0 0 0 0 0 0 0 0 0 0 0 
49 66 0 0 0 0 0 0 0 0 0 0 0 
51 66 0 0 0 0 0 0 0 0 0 0 0 
53 66 0 0 0 0 0 0 0 0 0 0 0 
55 66 0 0 0 0 0 0 0 0 0 0 0 
57 66 0 0 0 0 0 0 0 0 0 0 0 
59 66 0 0 0 0 0 0 0 0 0 0 0 
61 66 0 0 0 0 0 0 0 0 0 0 0 
63 66 0 0 0 0 0 0 0 0 0 0 0 
65 66 0 0 0 0 0 0 0 0 0 0 0 
67 66 0 0 0 0 0 0 0 0 0 0 0 
69 66 0 0 0 0 0 0 0 0 0 0 0 
71 66 0 0 0 0 0 0 0 0 0 0 0 
73 66 0 0 0 0 0 0 0 0 0 0 0 
75 66 0 0 0 0 0 0 0 0 0 0 0 
77 66 0 0 0 0 0 0 0 0 0 0 0 
79 66 0 0 0 0 0 0 0 0 0 0 0 
81 66 0 0 0 0 0 0 0 0 0 0 0 
83 66 0 0 0 0 0 0 0 0 0 0 0 
85 66 0 0 0 0 0 0 0 0 0 0 0 
87 66 0 0 0 0 0 0 0 0 0 0 0 
89 66 0 0 0 0 0 0 0 0 0 0 0 
91 66 0 0 0 0 0 0 0 0 0 0 0 
93 66 0 0 0 0 0 0 0 0 0 0 0 
95 66 0 0 0 0 0 0 0 0 0 0 0 
97 66 0 0 0 0 0 0 0 0 0 0 0 
99 66 0 0 0 0 0 0 0 0 0 0 0 
101 66 0 0 0 0 0 0 0 0 0 0 0 
103 66 0 0 0 0 0 0 0 0 0 0 0 
105 66 0 0 0 0 0 0 0 0 0 0 0 
107 66 0 0 0 0 0 0 0 0 0 0 0 
109 66 0 0 0 0 0 0 0 0 0 0 0 
111 66 0 0 0 0 0 0 0 0 0 0 0 
113 66 0 0 0 0 0 0 0 0 0 0 0 
115 66 0 0 0 0 0 0 0 0 0 0 0 
117 66 0 0 0 0 0 0 0 0 0 0 0 
119 66 0 0 0 0 0 0 0 0 0 0 0 
121 66 0 0 0 0 0 0 0 0 0 0 0 
123 66 0 0 0 0 0 0 0 0 0 0 0 
125 66 0 0 0 0 0 0 0 0 0 0 0 
127 67 0 0 0 0 0 0 0 0 0 0 0 
33 67 0 0 0 0 0 0 0 0 0 0 0 
35 67 0 0 0 0 0 0 0 0 0 0 0 
37 67 0 0 0 0 0 0 0 0 0 0 0 
39 67 0 0 0 0 0 0 0 0 0 0 0 
41 67 0 0 0 0 0 0 0 0 0 0 0 
43 67 0 0 0 0 0 0 0 0 0 0 0 
45 67 0 0 0 0 0 0 0 0 0 0 0 
47 67 0 0 0 0 0 0 0 0 0 0 0 
49 67 0 0 0 0 0 0 0 0 0 0 0 
51 67 0 0 0 0 0 0 0 0 0 0 0 
53 67 0 0 0 0 0 0 0 0 0 0 0 
55 67 0 0 0 0 0 0 0 0 0 0 0 
57 67 0 0 0 0 0 0 0 0 0 0 0 
59 67 0 0 0 0 0 0 0 0 0 0 0 
61 67 0 0 0 0 0 0 0 0 0 0 0 
63 67 0 0 0 0 0 0 0 0 0 0 0 
65 67 0 0 0 0 0 0 0 0 0 0 0 
67 67 0 0 0 0 0 0 0 0 0 0 0 
69 67 0 0 0 0 0 0 0 0 0 0 0 
71 67 0 0 0 0 0 0 0 0 0 0 0 
73 67 0 0 0 0 0 0 0 0 0 0 0 
75 67 0 0 0 0 0 0 0 0 0 0 0 
77 67 0 0 0 0 0 0 0 0 0 0 0 
79 67 0 0 0 0 0 0 0 0 0 0 0 
81 67 0 0 0 0 0 0 0 0 0 0 0 
83 67 0 0 0 0 0 0 0 0 0 0 0 
85 67 0 0 0 0 0 0 0 0 0 0 0 
87 67 0 0 0 0 0 0 0 0 0 0 0 
89 67 0 0 0 0 0 0 0 0 0 0 0 
91 67 0 0 0 0 0 0 0 0 0 0 0 
93 67 0 0 0 0 0 0 0 0 0 0 0 
95 67 0 0 0 0 0 0 0 0 0 0 0 
97 67 0 0 0 0 0 0 0 0 0 0 0 
99 67 0 0 0 0 0 0 0 0 0 0 0 
101 67 0 0 0 0 0 0 0 0 0 0 0 
103 67 0 0 0 0 0 0 0 0 0 0 0 
105 67 0 0 0 0 0 0 0 0 0 0 0 
107 67 0 0 0 0 0 0 0 0 0 0 0 
109 67 0 0 0 0 0 0 0 0 0 0 0 
111 67 0 0 0 0 0 0 0 0 0 0 0 
113 67 0 0 0 0 0 0 0 0 0 0 0 
115 67 0 0 0 0 0 0 0 0 0 0 0 
117 67 0 0 0 0 0 0 0 0 0 0 0 
119 67 0 0 0 0 0 0 0 0 0 0 0 
121 67 0 0 0 0 0 0 0 0 0 0 0 
123 67 0 0 0 0 0 0 0 0 0 0 0 
125 67 0 0 0 0 0 0 0 0 0 0 0 
127 68 0 0 0 0 0 0 0 0 0 0 0 
33 68 0 0 0 0 0 0 0 0 0 0 0 
35 68 0 0 0 0 0 0 0 0 0 0 0 
37 68 0 0 0 0 0 0 0 0 0 0 0 
39 68 0 0 0 0 0 0 0 0 0 0 0 
41 68 0 0 0 0 0 0 0 0 0 0 0 
43 68 0 0 0 0 0 0 0 0 0 0 0 
45 68 0 0 0 0 0 0 0 0 0 0 0 
47 68 0 0 0 0 0 0 0 0 0 0 0 
49 68 0 0 0 0 0 0 0 0 0 0 0 
51 68 0 0 0 0 0 0 0 0 0 0 0 
53 68 0 0 0 0 0 0 0 0 0 0 0 
55 68 0 0 0 0 0 0 0 0 0 0 0 
57 68 0 0 0 0 0 0 0 0 0 0 0 
59 68 0 0 0 0 0 0 0 0 0 0 0 
61 68 0 0 0 0 0 0 0 0 0 0 0 
63 68 0 0 0 0 0 0 0 0 0 0 0 
65 68 0 0 0 0 0 0 0 0 0 0 0 
67 68 0 0 0 0 0 0 0 0 0 0 0 
69 68 0 0 0 0 0 0 0 0 0 0 0 
71 68 0 0 0 0 0 0 0 0 0 0 0 
73 68 0 0 0 0 0 0 0 0 0 0 0 
75 68 0 0 0 0 0 0 0 0 0 0 0 
77 68 0 0 0 0 0 0 0 0 0 0 0 
79 68 0 0 0 0 0 0 0 0 0 0 0 
81 68 0 0 0 0 0 0 0 0 0 0 0 
83 68 0 0 0 0 0 0 0 0 0 0 0 
85 68 0 0 0 0 0 0 0 0 0 0 0 
87 68 0 0 0 0 0 0 0 0 0 0 0 
89 68 0 0 0 0 0 0 0 0 0 0 0 
91 68 0 0 0 0 0 0 0 0 0 0 0 
93 68 0 0 0 0 0 0 0 0 0 0 0 
95 68 0 0 0 0 0 0 0 0 0 0 0 
97 68 0 0 0 0 0 0 0 0 0 0 0 
99 68 0 0 0 0 0 0 0 0 0 0 0 
101 68 0 0 0 0 0 0 0 0 0 0 0 
103 68 0 0 0 0 0 0 0 0 0 0 0 
105 68 0 0 0 0 0 0 0 0 0 0 0 
107 68 0 0 0 0 0 0 0 0 0 0 0 
109 68 0 0 0 0 0 0 0 0 0 0 0 
111 68 0 0 0 0 0 0 0 0 0 0 0 
113 68 0 0 0 0 0 0 0 0 0 0 0 
115 68 0 0 0 0 0 0 0 0 0 0 0 
117 68 0 0 0 0 0 0 0 0 0 0 0 
119 68 0 0 0 0 0 0 0 0 0 0 0 
121 68 0 0 0 0 0 0 0 0 0 0 0 
123 68 0 0 0 0 0 0 0 0 0 0 0 
125 68 0 0 0 0 0 0 0 0 0 0 0 
127 69 0 0 0 0 0 0 0 0 0 0 0 
33 69 0 0 0 0 0 0 0 0 0 0 0 
35 69 0 0 0 0 0 0 0 0 0 0 0 
37 69 0 0 0 0 0 0 0 0 0 0 0 
39 69 0 0 0 0 0 0 0 0 0 0 0 
41 69 0 0 0 0 0 0 0 0 0 0 0 
43 69 0 0 0 0 0 0 0 0 0 0 0 
45 69 0 0 0 0 0 0 0 0 0 0 0 
47 69 0 0 0 0 0 0 0 0 0 0 0 
49 69 0 0 0 0 0 0 0 0 0 0 0 
51 69 0 0 0 0 0 0 0 0 0 0 0 
53 69 0 0 0 0 0 0 0 0 0 0 0 
55 69 0 0 0 0 0 0 0 0 0 0 0 
57 69 0 0 0 0 0 0 0 0 0 0 0 
59 69 0 0 0 0 0 0 0 0 0 0 0 
61 69 0 0 0 0 0 0 0 0 0 0 0 
63 69 0 0 0 0 0 0 0 0 0 0 0 
65 69 0 0 0 0 0 0 0 0 0 0 0 
67 69 0 0 0 0 0 0 0 0 0 0 0 
69 69 0 0 0 0 0 0 0 0 0 0 0 
71 69 0 0 0 0 0 0 0 0 0 0 0 
73 69 0 0 0 0 0 0 0 0 0 0 0 
75 69 0 0 0 0 0 0 0 0 0 0 0 
77 69 0 0 0 0 0 0 0 0 0 0 0 
79 69 0 0 0 0 0 0 0 0 0 0 0 
81 69 0 0 0 0 0 0 0 0 0 0 0 
83 69 0 0 0 0 0 0 0 0 0 0 0 
85 69 0 0 0 0 0 0 0 0 0 0 0 
87 69 0 0 0 0 0 0 0 0 0 0 0 
89 69 0 0 0 0 0 0 0 0 0 0 0 
91 69 0 0 0 0 0 0 0 0 0 0 0 
93 69 0 0 0 0 0 0 0 0 0 0 0 
95 69 0 0 0 0 0 0 0 0 0 0 0 
97 69 0 0 0 0 0 0 0 0 0 0 0 
99 69 0 0 0 0 0 0 0 0 0 0 0 
101 69 0 0 0 0 0 0 0 0 0 0 0 
103 69 0 0 0 0 0 0 0 0 0 0 0 
105 69 0 0 0 0 0 0 0 0 0 0 0 
107 69 0 0 0 0 0 0 0 0 0 0 0 
109 69 0 0 0 0 0 0 0 0 0 0 0 
111 69 0 0 0 0 0 0 0 0 0 0 0 
113 69 0 0 0 0 0 0 0 0 0 0 0 
115 69 0 0 0 0 0 0 0 0 0 0 0 
117 69 0 0 0 0 0 0 0 0 0 0 0 
119 69 0 0 0 0 0 0 0 0 0 0 0 
121 69 0 0 0 0 0 0 0 0 0 0 0 
123 69 0 0 0 0 0 0 0 0 0 0 0 
125 69 0 0 0 0 0 0 0 0 0 0 0 
127 70 0 0 0 0 0 0 0 0 0 0 0 
33 70 0 0 0 0 0 0 0 0 0 0 0 
35 70 0 0 0 0 0 0 0 0 0 0 0 
37 70 0 0 0 0 0 0 0 0 0 0 0 
39 70 0 0 0 0 0 0 0 0 0 0 0 
41 70 0 0 0 0 0 0 0 0 0 0 0 
43 70 0 0 0 0 0 0 0 0 0 0 0 
45 70 0 0 0 0 0 0 0 0 0 0 0 
47 70 0 0 0 0 0 0 0 0 0 0 0 
49 70 0 0 0 0 0 0 0 0 0 0 0 
51 70 0 0 0 0 0 0 0 0 0 0 0 
53 70 0 0 0 0 0 0 0 0 0 0 0 
55 70 0 0 0 0 0 0 0 0 0 0 0 
57 70 0 0 0 0 0 0 0 0 0 0 0 
59 70 0 0 0 0 0 0 0 0 0 0 0 
61 70 0 0 0 0 0 0 0 0 0 0 0 
63 70 0 0 0 0 0 0 0 0 0 0 0 
65 70 0 0 0 0 0 0 0 0 0 0 0 
67 70 0 0 0 0 0 0 0 0 0 0 0 
69 70 0 0 0 0 0 0 0 0 0 0 0 
71 70 0 0 0 0 0 0 0 0 0 0 0 
73 70 0 0 0 0 0 0 0 0 0 0 0 
75 70 0 0 0 0 0 0 0 0 0 0 0 
77 70 0 0 0 0 0 0 0 0 0 0 0 
79 70 0 0 0 0 0 0 0 0 0 0 0 
81 70 0 0 0 0 0 0 0 0 0 0 0 
83 70 0 0 0 0 0 0 0 0 0 0 0 
85 70 0 0 0 0 0 0 0 0 0 0 0 
87 70 0 0 0 0 0 0 0 0 0 0 0 
89 70 0 0 0 0 0 0 0 0 0 0 0 
91 70 0 0 0 0 0 0 0 0 0 0 0 
93 70 0 0 0 0 0 0 0 0 0 0 0 
95 70 0 0 0 0 0 0 0 0 0 0 0 
97 70 0 0 0 0 0 0 0 0 0 0 0 
99 70 0 0 0 0 0 0 0 0 0 0 0 
101 70 0 0 0 0 0 0 0 0 0 0 0 
103 70 0 0 0 0 0 0 0 0 0 0 0 
105 70 0 0 0 0 0 0 0 0 0 0 0 
107 70 0 0 0 0 0 0 0 0 0 0 0 
109 70 0 0 0 0 0 0 0 0 0 0 0 
111 70 0 0 0 0 0 0 0 0 0 0 0 
113 70 0 0 0 0 0 0 0 0 0 0 0 
115 70 0 0 0 0 0 0 0 0 0 0 0 
117 70 0 0 0 0 0 0 0 0 0 0 0 
119 70 0 0 0 0 0 0 0 0 0 0 0 
121 70 0 0 0 0 0 0 0 0 0 0 0 
123 70 0 0 0 0 0 0 0 0 0 0 0 
125 70 0 0 0 0 0 0 0 0 0 0 0 
127 71 0 0 0 0 0 0 0 0 0 0 0 
33 71 0 0 0 0 0 0 0 0 0 0 0 
35 71 0 0 0 0 0 0 0 0 0 0 0 
37 71 0 0 0 0 0 0 0 0 0 0 0 
39 71 0 0 0 0 0 0 0 0 0 0 0 
41 71 0 0 0 0 0 0 0 0 0 0 0 
43 71 0 0 0 0 0 0 0 0 0 0 0 
45 71 0 0 0 0 0 0 0 0 0 0 0 
47 71 0 0 0 0 0 0 0 0 0 0 0 
49 71 0 0 0 0 0 0 0 0 0 0 0 
51 71 0 0 0 0 0 0 0 0 0 0 0 
53 71 0 0 0 0 0 0 0 0 0 0 0 
55 71 0 0 0 0 0 0 0 0 0 0 0 
57 71 0 0 0 0 0 0 0 0 0 0 0 
59 71 0 0 0 0 0 0 0 0 0 0 0 
61 71 0 0 0 0 0 0 0 0 0 0 0 
63 71 0 0 0 0 0 0 0 0 0 0 0 
65 71 0 0 0 0 0 0 0 0 0 0 0 
67 71 0 0 0 0 0 0 0 0 0 0 0 
69 71 0 0 0 0 0 0 0 0 0 0 0 
71 71 0 0 0 0 0 0 0 0 0 0 0 
73 71 0 0 0 0 0 0 0 0 0 0 0 
75 71 0 0 0 0 0 0 0 0 0 0 0 
77 71 0 0 0 0 0 0 0 0 0 0 0 
79 71 0 0 0 0 0 0 0 0 0 0 0 
81 71 0 0 0 0 0 0 0 0 0 0 0 
83 71 0 0 0 0 0 0 0 0 0 0 0 
85 71 0 0 0 0 0 0 0 0 0 0 0 
87 71 0 0 0 0 0 0 0 0 0 0 0 
89 71 0 0 0 0 0 0 0 0 0 0 0 
91 71 0 0 0 0 0 0 0 0 0 0 0 
93 71 0 0 0 0 0 0 0 0 0 0 0 
95 71 0 0 0 0 0 0 0 0 0 0 0 
97 71 0 0 0 0 0 0 0 0 0 0 0 
99 71 0 0 0 0 0 0 0 0 0 0 0 
101 71 0 0 0 0 0 0 0 0 0 0 0 
103 71 0 0 0 0 0 0 0 0 0 0 0 
105 71 0 0 0 0 0 0 0 0 0 0 0 
107 71 0 0 0 0 0 0 0 0 0 0 0 
109 71 0 0 0 0 0 0 0 0 0 0 0 
111 71 0 0 0 0 0 0 0 0 0 0 0 
113 71 0 0 0 0 0 0 0 0 0 0 0 
115 71 0 0 0 0 0 0 0 0 0 0 0 
117 71 0 0 0 0 0 0 0 0 0 0 0 
119 71 0 0 0 0 0 0 0 0 0 0 0 
121 71 0 0 0 0 0 0 0 0 0 0 0 
123 71 0 0 0 0 0 0 0 0 0 0 0 
125 71 0 0 0 0 0 0 0 0 0 0 0 
127 72 0 0 0 0 0 0 0 0 0 0 0 
33 72 0 0 0 0 0 0 0 0 0 0 0 
35 72 0 0 0 0 0 0 0 0 0 0 0 
37 72 0 0 0 0 0 0 0 0 0 0 0 
39 72 0 0 0 0 0 0 0 0 0 0 0 
41 72 0 0 0 0 0 0 0 0 0 0 0 
43 72 0 0 0 0 0 0 0 0 0 0 0 
45 72 0 0 0 0 0 0 0 0 0 0 0 
47 72 0 0 0 0 0 0 0 0 0 0 0 
49 72 0 0 0 0 0 0 0 0 0 0 0 
51 72 0 0 0 0 0 0 0 0 0 0 0 
53 72 0 0 0 0 0 0 0 0 0 0 0 
55 72 0 0 0 0 0 0 0 0 0 0 0 
57 72 0 0 0 0 0 0 0 0 0 0 0 
59 72 0 0 0 0 0 0 0 0 0 0 0 
61 72 0 0 0 0 0 0 0 0 0 0 0 
63 72 0 0 0 0 0 0 0 0 0 0 0 
65 72 0 0 0 0 0 0 0 0 0 0 0 
67 72 0 0 0 0 0 0 0 0 0 0 0 
69 72 0 0 0 0 0 0 0 0 0 0 0 
71 72 0 0 0 0 0 0 0 0 0 0 0 
73 72 0 0 0 0 0 0 0 0 0 0 0 
75 72 0 0 0 0 0 0 0 0 0 0 0 
77 72 0 0 0 0 0 0 0 0 0 0 0 
79 72 0 0 0 0 0 0 0 0 0 0 0 
81 72 0 0 0 0 0 0 0 0 0 0 0 
83 72 0 0 0 0 0 0 0 0 0 0 0 
85 72 0 0 0 0 0 0 0 0 0 0 0 
87 72 0 0 0 0 0 0 0 0 0 0 0 
89 72 0 0 0 0 0 0 0 0 0 0 0 
91 72 0 0 0 0 0 0 0 0 0 0 0 
93 72 0 0 0 0 0 0 0 0 0 0 0 
95 72 0 0 0 0 0 0 0 0 0 0 0 
97 72 0 0 0 0 0 0 0 0 0 0 0 
99 72 0 0 0 0 0 0 0 0 0 0 0 
101 72 0 0 0 0 0 0 0 0 0 0 0 
103 72 0 0 0 0 0 0 0 0 0 0 0 
105 72 0 0 0 0 0 0 0 0 0 0 0 
107 72 0 0 0 0 0 0 0 0 0 0 0 
109 72 0 0 0 0 0 0 0 0 0 0 0 
111 72 0 0 0 0 0 0 0 0 0 0 0 
113 72 0 0 0 0 0 0 0 0 0 0 0 
115 72 0 0 0 0 0 0 0 0 0 0 0 
117 72 0 0 0 0 0 0 0 0 0 0 0 
119 72 0 0 0 0 0 0 0 0 0 0 0 
121 72 0 0 0 0 0 0 0 0 0 0 0 
123 72 0 0 0 0 0 0 0 0 0 0 0 
125 72 0 0 0 0 0 0 0 0 0 0 0 
127 73 0 0 0 0 0 0 0 0 0 0 0 
33 73 0 0 0 0 0 0 0 0 0 0 0 
35 73 0 0 0 0 0 0 0 0 0 0 0 
37 73 0 0 0 0 0 0 0 0 0 0 0 
39 73 0 0 0 0 0 0 0 0 0 0 0 
41 73 0 0 0 0 0 0 0 0 0 0 0 
43 73 0 0 0 0 0 0 0 0 0 0 0 
45 73 0 0 0 0 0 0 0 0 0 0 0 
47 73 0 0 0 0 0 0 0 0 0 0 0 
49 73 0 0 0 0 0 0 0 0 0 0 0 
51 73 0 0 0 0 0 0 0 0 0 0 0 
53 73 0 0 0 0 0 0 0 0 0 0 0 
55 73 0 0 0 0 0 0 0 0 0 0 0 
57 73 0 0 0 0 0 0 0 0 0 0 0 
59 73 0 0 0 0 0 0 0 0 0 0 0 
61 73 0 0 0 0 0 0 0 0 0 0 0 
63 73 0 0 0 0 0 0 0 0 0 0 0 
65 73 0 0 0 0 0 0 0 0 0 0 0 
67 73 0 0 0 0 0 0 0 0 0 0 0 
69 73 0 0 0 0 0 0 0 0 0 0 0 
71 73 0 0 0 0 0 0 0 0 0 0 0 
73 73 0 0 0 0 0 0 0 0 0 0 0 
75 73 0 0 0 0 0 0 0 0 0 0 0 
77 73 0 0 0 0 0 0 0 0 0 0 0 
79 73 0 0 0 0 0 0 0 0 0 0 0 
81 73 0 0 0 0 0 0 0 0 0 0 0 
83 73 0 0 0 0 0 0 0 0 0 0 0 
85 73 0 0 0 0 0 0 0 0 0 0 0 
87 73 0 0 0 0 0 0 0 0 0 0 0 
89 73 0 0 0 0 0 0 0 0 0 0 0 
91 73 0 0 0 0 0 0 0 0 0 0 0 
93 73 0 0 0 0 0 0 0 0 0 0 0 
95 73 0 0 0 0 0 0 0 0 0 0 0 
97 73 0 0 0 0 0 0 0 0 0 0 0 
99 73 0 0 0 0 0 0 0 0 0 0 0 
101 73 0 0 0 0 0 0 0 0 0 0 0 
103 73 0 0 0 0 0 0 0 0 0 0 0 
105 73 0 0 0 0 0 0 0 0 0 0 0 
107 73 0 0 0 0 0 0 0 0 0 0 0 
109 73 0 0 0 0 0 0 0 0 0 0 0 
111 73 0 0 0 0 0 0 0 0 0 0 0 
113 73 0 0 0 0 0 0 0 0 0 0 0 
115 73 0 0 0 0 0 0 0 0 0 0 0 
117 73 0 0 0 0 0 0 0 0 0 0 0 
119 73 0 0 0 0 0 0 0 0 0 0 0 
121 73 0 0 0 0 0 0 0 0 0 0 0 
123 73 0 0 0 0 0 0 0 0 0 0 0 
125 73 0 0 0 0 0 0 0 0 0 0 0 
127 74 0 0 0 0 0 0 0 0 0 0 0 
33 74 0 0 0 0 0 0 0 0 0 0 0 
35 74 0 0 0 0 0 0 0 0 0 0 0 
37 74 0 0 0 0 0 0 0 0 0 0 0 
39 74 0 0 0 0 0 0 0 0 0 0 0 
41 74 0 0 0 0 0 0 0 0 0 0 0 
43 74 0 0 0 0 0 0 0 0 0 0 0 
45 74 0 0 0 0 0 0 0 0 0 0 0 
47 74 0 0 0 0 0 0 0 0 0 0 0 
49 74 0 0 0 0 0 0 0 0 0 0 0 
51 74 0 0 0 0 0 0 0 0 0 0 0 
53 74 0 0 0 0 0 0 0 0 0 0 0 
55 74 0 0 0 0 0 0 0 0 0 0 0 
57 74 0 0 0 0 0 0 0 0 0 0 0 
59 74 0 0 0 0 0 0 0 0 0 0 0 
61 74 0 0 0 0 0 0 0 0 0 0 0 
63 74 0 0 0 0 0 0 0 0 0 0 0 
65 74 0 0 0 0 0 0 0 0 0 0 0 
67 74 0 0 0 0 0 0 0 0 0 0 0 
69 74 0 0 0 0 0 0 0 0 0 0 0 
71 74 0 0 0 0 0 0 0 0 0 0 0 
73 74 0 0 0 0 0 0 0 0 0 0 0 
75 74 0 0 0 0 0 0 0 0 0 0 0 
77 74 0 0 0 0 0 0 0 0 0 0 0 
79 74 0 0 0 0 0 0 0 0 0 0 0 
81 74 0 0 0 0 0 0 0 0 0 0 0 
83 74 0 0 0 0 0 0 0 0 0 0 0 
85 74 0 0 0 0 0 0 0 0 0 0 0 
87 74 0 0 0 0 0 0 0 0 0 0 0 
89 74 0 0 0 0 0 0 0 0 0 0 0 
91 74 0 0 0 0 0 0 0 0 0 0 0 
93 74 0 0 0 0 0 0 0 0 0 0 0 
95 74 0 0 0 0 0 0 0 0 0 0 0 
97 74 0 0 0 0 0 0 0 0 0 0 0 
99 74 0 0 0 0 0 0 0 0 0 0 0 
101 74 0 0 0 0 0 0 0 0 0 0 0 
103 74 0 0 0 0 0 0 0 0 0 0 0 
105 74 0 0 0 0 0 0 0 0 0 0 0 
107 74 0 0 0 0 0 0 0 0 0 0 0 
109 74 0 0 0 0 0 0 0 0 0 0 0 
111 74 0 0 0 0 0 0 0 0 0 0 0 
113 74 0 0 0 0 0 0 0 0 0 0 0 
115 74 0 0 0 0 0 0 0 0 0 0 0 
117 74 0 0 0 0 0 0 0 0 0 0 0 
119 74 0 0 0 0 0 0 0 0 0 0 0 
121 74 0 0 0 0 0 0 0 0 0 0 0 
123 74 0 0 0 0 0 0 0 0 0 0 0 
125 74 0 0 0 0 0 0 0 0 0 0 0 
127 75 0 0 0 0 0 0 0 0 0 0 0 
33 75 0 0 0 0 0 0 0 0 0 0 0 
35 75 0 0 0 0 0 0 0 0 0 0 0 
37 75 0 0 0 0 0 0 0 0 0 0 0 
39 75 0 0 0 0 0 0 0 0 0 0 0 
41 75 0 0 0 0 0 0 0 0 0 0 0 
43 75 0 0 0 0 0 0 0 0 0 0 0 
45 75 0 0 0 0 0 0 0 0 0 0 0 
47 75 0 0 0 0 0 0 0 0 0 0 0 
49 75 0 0 0 0 0 0 0 0 0 0 0 
51 75 0 0 0 0 0 0 0 0 0 0 0 
53 75 0 0 0 0 0 0 0 0 0 0 0 
55 75 0 0 0 0 0 0 0 0 0 0 0 
57 75 0 0 0 0 0 0 0 0 0 0 0 
59 75 0 0 0 0 0 0 0 0 0 0 0 
61 75 0 0 0 0 0 0 0 0 0 0 0 
63 75 0 0 0 0 0 0 0 0 0 0 0 
65 75 0 0 0 0 0 0 0 0 0 0 0 
67 75 0 0 0 0 0 0 0 0 0 0 0 
69 75 0 0 0 0 0 0 0 0 0 0 0 
71 75 0 0 0 0 0 0 0 0 0 0 0 
73 75 0 0 0 0 0 0 0 0 0 0 0 
75 75 0 0 0 0 0 0 0 0 0 0 0 
77 75 0 0 0 0 0 0 0 0 0 0 0 
79 75 0 0 0 0 0 0 0 0 0 0 0 
81 75 0 0 0 0 0 0 0 0 0 0 0 
83 75 0 0 0 0 0 0 0 0 0 0 0 
85 75 0 0 0 0 0 0 0 0 0 0 0 
87 75 0 0 0 0 0 0 0 0 0 0 0 
89 75 0 0 0 0 0 0 0 0 0 0 0 
91 75 0 0 0 0 0 0 0 0 0 0 0 
93 75 0 0 0 0 0 0 0 0 0 0 0 
95 75 0 0 0 0 0 0 0 0 0 0 0 
97 75 0 0 0 0 0 0 0 0 0 0 0 
99 75 0 0 0 0 0 0 0 0 0 0 0 
101 75 0 0 0 0 0 0 0 0 0 0 0 
103 75 0 0 0 0 0 0 0 0 0 0 0 
105 75 0 0 0 0 0 0 0 0 0 0 0 
107 75 0 0 0 0 0 0 0 0 0 0 0 
109 75 0 0 0 0 0 0 0 0 0 0 0 
111 75 0 0 0 0 0 0 0 0 0 0 0 
113 75 0 0 0 0 0 0 0 0 0 0 0 
115 75 0 0 0 0 0 0 0 0 0 0 0 
117 75 0 0 0 0 0 0 0 0 0 0 0 
119 75 0 0 0 0 0 0 0 0 0 0 0 
121 75 0 0 0 0 0 0 0 0 0 0 0 
123 75 0 0 0 0 0 0 0 0 0 0 0 
125 75 0 0 0 0 0 0 0 0 0 0 0 
127 76 0 0 0 0 0 0 0 0 0 0 0 
33 76 0 0 0 0 0 0 0 0 0 0 0 
35 76 0 0 0 0 0 0 0 0 0 0 0 
37 76 0 0 0 0 0 0 0 0 0 0 0 
39 76 0 0 0 0 0 0 0 0 0 0 0 
41 76 0 0 0 0 0 0 0 0 0 0 0 
43 76 0 0 0 0 0 0 0 0 0 0 0 
45 76 0 0 0 0 0 0 0 0 0 0 0 
47 76 0 0 0 0 0 0 0 0 0 0 0 
49 76 0 0 0 0 0 0 0 0 0 0 0 
51 76 0 0 0 0 0 0 0 0 0 0 0 
53 76 0 0 0 0 0 0 0 0 0 0 0 
55 76 0 0 0 0 0 0 0 0 0 0 0 
57 76 0 0 0 0 0 0 0 0 0 0 0 
59 76 0 0 0 0 0 0 0 0 0 0 0 
61 76 0 0 0 0 0 0 0 0 0 0 0 
63 76 0 0 0 0 0 0 0 0 0 0 0 
65 76 0 0 0 0 0 0 0 0 0 0 0 
67 76 0 0 0 0 0 0 0 0 0 0 0 
69 76 0 0 0 0 0 0 0 0 0 0 0 
71 76 0 0 0 0 0 0 0 0 0 0 0 
73 76 0 0 0 0 0 0 0 0 0 0 0 
75 76 0 0 0 0 0 0 0 0 0 0 0 
77 76 0 0 0 0 0 0 0 0 0 0 0 
79 76 0 0 0 0 0 0 0 0 0 0 0 
81 76 0 0 0 0 0 0 0 0 0 0 0 
83 76 0 0 0 0 0 0 0 0 0 0 0 
85 76 0 0 0 0 0 0 0 0 0 0 0 
87 76 0 0 0 0 0 0 0 0 0 0 0 
89 76 0 0 0 0 0 0 0 0 0 0 0 
91 76 0 0 0 0 0 0 0 0 0 0 0 
93 76 0 0 0 0 0 0 0 0 0 0 0 
95 76 0 0 0 0 0 0 0 0 0 0 0 
97 76 0 0 0 0 0 0 0 0 0 0 0 
99 76 0 0 0 0 0 0 0 0 0 0 0 
101 76 0 0 0 0 0 0 0 0 0 0 0 
103 76 0 0 0 0 0 0 0 0 0 0 0 
105 76 0 0 0 0 0 0 0 0 0 0 0 
107 76 0 0 0 0 0 0 0 0 0 0 0 
109 76 0 0 0 0 0 0 0 0 0 0 0 
111 76 0 0 0 0 0 0 0 0 0 0 0 
113 76 0 0 0 0 0 0 0 0 0 0 0 
115 76 0 0 0 0 0 0 0 0 0 0 0 
117 76 0 0 0 0 0 0 0 0 0 0 0 
119 76 0 0 0 0 0 0 0 0 0 0 0 
121 76 0 0 0 0 0 0 0 0 0 0 0 
123 76 0 0 0 0 0 0 0 0 0 0 0 
125 76 0 0 0 0 0 0 0 0 0 0 0 
127 77 0 0 0 0 0 0 0 0 0 0 0 
33 77 0 0 0 0 0 0 0 0 0 0 0 
35 77 0 0 0 0 0 0 0 0 0 0 0 
37 77 0 0 0 0 0 0 0 0 0 0 0 
39 77 0 0 0 0 0 0 0 0 0 0 0 
41 77 0 0 0 0 0 0 0 0 0 0 0 
43 77 0 0 0 0 0 0 0 0 0 0 0 
45 77 0 0 0 0 0 0 0 0 0 0 0 
47 77 0 0 0 0 0 0 0 0 0 0 0 
49 77 0 0 0 0 0 0 0 0 0 0 0 
51 77 0 0 0 0 0 0 0 0 0 0 0 
53 77 0 0 0 0 0 0 0 0 0 0 0 
55 77 0 0 0 0 0 0 0 0 0 0 0 
57 77 0 0 0 0 0 0 0 0 0 0 0 
59 77 0 0 0 0 0 0 0 0 0 0 0 
61 77 0 0 0 0 0 0 0 0 0 0 0 
63 77 0 0 0 0 0 0 0 0 0 0 0 
65 77 0 0 0 0 0 0 0 0 0 0 0 
67 77 0 0 0 0 0 0 0 0 0 0 0 
69 77 0 0 0 0 0 0 0 0 0 0 0 
71 77 0 0 0 0 0 0 0 0 0 0 0 
73 77 0 0 0 0 0 0 0 0 0 0 0 
75 77 0 0 0 0 0 0 0 0 0 0 0 
77 77 0 0 0 0 0 0 0 0 0 0 0 
79 77 0 0 0 0 0 0 0 0 0 0 0 
81 77 0 0 0 0 0 0 0 0 0 0 0 
83 77 0 0 0 0 0 0 0 0 0 0 0 
85 77 0 0 0 0 0 0 0 0 0 0 0 
87 77 0 0 0 0 0 0 0 0 0 0 0 
89 77 0 0 0 0 0 0 0 0 0 0 0 
91 77 0 0 0 0 0 0 0 0 0 0 0 
93 77 0 0 0 0 0 0 0 0 0 0 0 
95 77 0 0 0 0 0 0 0 0 0 0 0 
97 77 0 0 0 0 0 0 0 0 0 0 0 
99 77 0 0 0 0 0 0 0 0 0 0 0 
101 77 0 0 0 0 0 0 0 0 0 0 0 
103 77 0 0 0 0 0 0 0 0 0 0 0 
105 77 0 0 0 0 0 0 0 0 0 0 0 
107 77 0 0 0 0 0 0 0 0 0 0 0 
109 77 0 0 0 0 0 0 0 0 0 0 0 
111 77 0 0 0 0 0 0 0 0 0 0 0 
113 77 0 0 0 0 0 0 0 0 0 0 0 
115 77 0 0 0 0 0 0 0 0 0 0 0 
117 77 0 0 0 0 0 0 0 0 0 0 0 
119 77 0 0 0 0 0 0 0 0 0 0 0 
121 77 0 0 0 0 0 0 0 0 0 0 0 
123 77 0 0 0 0 0 0 0 0 0 0 0 
125 77 0 0 0 0 0 0 0 0 0 0 0 
127 78 0 0 0 0 0 0 0 0 0 0 0 
33 78 0 0 0 0 0 0 0 0 0 0 0 
35 78 0 0 0 0 0 0 0 0 0 0 0 
37 78 0 0 0 0 0 0 0 0 0 0 0 
39 78 0 0 0 0 0 0 0 0 0 0 0 
41 78 0 0 0 0 0 0 0 0 0 0 0 
43 78 0 0 0 0 0 0 0 0 0 0 0 
45 78 0 0 0 0 0 0 0 0 0 0 0 
47 78 0 0 0 0 0 0 0 0 0 0 0 
49 78 0 0 0 0 0 0 0 0 0 0 0 
51 78 0 0 0 0 0 0 0 0 0 0 0 
53 78 0 0 0 0 0 0 0 0 0 0 0 
55 78 0 0 0 0 0 0 0 0 0 0 0 
57 78 0 0 0 0 0 0 0 0 0 0 0 
59 78 0 0 0 0 0 0 0 0 0 0 0 
61 78 0 0 0 0 0 0 0 0 0 0 0 
63 78 0 0 0 0 0 0 0 0 0 0 0 
65 78 0 0 0 0 0 0 0 0 0 0 0 
67 78 0 0 0 0 0 0 0 0 0 0 0 
69 78 0 0 0 0 0 0 0 0 0 0 0 
71 78 0 0 0 0 0 0 0 0 0 0 0 
73 78 0 0 0 0 0 0 0 0 0 0 0 
75 78 0 0 0 0 0 0 0 0 0 0 0 
77 78 0 0 0 0 0 0 0 0 0 0 0 
79 78 0 0 0 0 0 0 0 0 0 0 0 
81 78 0 0 0 0 0 0 0 0 0 0 0 
83 78 0 0 0 0 0 0 0 0 0 0 0 
85 78 0 0 0 0 0 0 0 0 0 0 0 
87 78 0 0 0 0 0 0 0 0 0 0 0 
89 78 0 0 0 0 0 0 0 0 0 0 0 
91 78 0 0 0 0 0 0 0 0 0 0 0 
93 78 0 0 0 0 0 0 0 0 0 0 0 
95 78 0 0 0 0 0 0 0 0 0 0 0 
97 78 0 0 0 0 0 0 0 0 0 0 0 
99 78 0 0 0 0 0 0 0 0 0 0 0 
101 78 0 0 0 0 0 0 0 0 0 0 0 
103 78 0 0 0 0 0 0 0 0 0 0 0 
105 78 0 0 0 0 0 0 0 0 0 0 0 
107 78 0 0 0 0 0 0 0 0 0 0 0 
109 78 0 0 0 0 0 0 0 0 0 0 0 
111 78 0 0 0 0 0 0 0 0 0 0 0 
113 78 0 0 0 0 0 0 0 0 0 0 0 
115 78 0 0 0 0 0 0 0 0 0 0 0 
117 78 0 0 0 0 0 0 0 0 0 0 0 
119 78 0 0 0 0 0 0 0 0 0 0 0 
121 78 0 0 0 0 0 0 0 0 0 0 0 
123 78 0 0 0 0 0 0 0 0 0 0 0 
125 78 0 0 0 0 0 0 0 0 0 0 0 
127 79 0 0 0 0 0 0 0 0 0 0 0 
33 79 0 0 0 0 0 0 0 0 0 0 0 
35 79 0 0 0 0 0 0 0 0 0 0 0 
37 79 0 0 0 0 0 0 0 0 0 0 0 
39 79 0 0 0 0 0 0 0 0 0 0 0 
41 79 0 0 0 0 0 0 0 0 0 0 0 
43 79 0 0 0 0 0 0 0 0 0 0 0 
45 79 0 0 0 0 0 0 0 0 0 0 0 
47 79 0 0 0 0 0 0 0 0 0 0 0 
49 79 0 0 0 0 0 0 0 0 0 0 0 
51 79 0 0 0 0 0 0 0 0 0 0 0 
53 79 0 0 0 0 0 0 0 0 0 0 0 
55 79 0 0 0 0 0 0 0 0 0 0 0 
57 79 0 0 0 0 0 0 0 0 0 0 0 
59 79 0 0 0 0 0 0 0 0 0 0 0 
61 79 0 0 0 0 0 0 0 0 0 0 0 
63 79 0 0 0 0 0 0 0 0 0 0 0 
65 79 0 0 0 0 0 0 0 0 0 0 0 
67 79 0 0 0 0 0 0 0 0 0 0 0 
69 79 0 0 0 0 0 0 0 0 0 0 0 
71 79 0 0 0 0 0 0 0 0 0 0 0 
73 79 0 0 0 0 0 0 0 0 0 0 0 
75 79 0 0 0 0 0 0 0 0 0 0 0 
77 79 0 0 0 0 0 0 0 0 0 0 0 
79 79 0 0 0 0 0 0 0 0 0 0 0 
81 79 0 0 0 0 0 0 0 0 0 0 0 
83 79 0 0 0 0 0 0 0 0 0 0 0 
85 79 0 0 0 0 0 0 0 0 0 0 0 
87 79 0 0 0 0 0 0 0 0 0 0 0 
89 79 0 0 0 0 0 0 0 0 0 0 0 
91 79 0 0 0 0 0 0 0 0 0 0 0 
93 79 0 0 0 0 0 0 0 0 0 0 0 
95 79 0 0 0 0 0 0 0 0 0 0 0 
97 79 0 0 0 0 0 0 0 0 0 0 0 
99 79 0 0 0 0 0 0 0 0 0 0 0 
101 79 0 0 0 0 0 0 0 0 0 0 0 
103 79 0 0 0 0 0 0 0 0 0 0 0 
105 79 0 0 0 0 0 0 0 0 0 0 0 
107 79 0 0 0 0 0 0 0 0 0 0 0 
109 79 0 0 0 0 0 0 0 0 0 0 0 
111 79 0 0 0 0 0 0 0 0 0 0 0 
113 79 0 0 0 0 0 0 0 0 0 0 0 
115 79 0 0 0 0 0 0 0 0 0 0 0 
117 79 0 0 0 0 0 0 0 0 0 0 0 
119 79 0 0 0 0 0 0 0 0 0 0 0 
121 79 0 0 0 0 0 0 0 0 0 0 0 
123 79 0 0 0 0 0 0 0 0 0 0 0 
125 79 0 0 0 0 0 0 0 0 0 0 0 
127 80 0 0 0 0 0 0 0 0 0 0 0 
33 80 0 0 0 0 0 0 0 0 0 0 0 
35 80 0 0 0 0 0 0 0 0 0 0 0 
37 80 0 0 0 0 0 0 0 0 0 0 0 
39 80 0 0 0 0 0 0 0 0 0 0 0 
41 80 0 0 0 0 0 0 0 0 0 0 0 
43 80 0 0 0 0 0 0 0 0 0 0 0 
45 80 0 0 0 0 0 0 0 0 0 0 0 
47 80 0 0 0 0 0 0 0 0 0 0 0 
49 80 0 0 0 0 0 0 0 0 0 0 0 
51 80 0 0 0 0 0 0 0 0 0 0 0 
53 80 0 0 0 0 0 0 0 0 0 0 0 
55 80 0 0 0 0 0 0 0 0 0 0 0 
57 80 0 0 0 0 0 0 0 0 0 0 0 
59 80 0 0 0 0 0 0 0 0 0 0 0 
61 80 0 0 0 0 0 0 0 0 0 0 0 
63 80 0 0 0 0 0 0 0 0 0 0 0 
65 80 0 0 0 0 0 0 0 0 0 0 0 
67 80 0 0 0 0 0 0 0 0 0 0 0 
69 80 0 0 0 0 0 0 0 0 0 0 0 
71 80 0 0 0 0 0 0 0 0 0 0 0 
73 80 0 0 0 0 0 0 0 0 0 0 0 
75 80 0 0 0 0 0 0 0 0 0 0 0 
77 80 0 0 0 0 0 0 0 0 0 0 0 
79 80 0 0 0 0 0 0 0 0 0 0 0 
81 80 0 0 0 0 0 0 0 0 0 0 0 
83 80 0 0 0 0 0 0 0 0 0 0 0 
85 80 0 0 0 0 0 0 0 0 0 0 0 
87 80 0 0 0 0 0 0 0 0 0 0 0 
89 80 0 0 0 0 0 0 0 0 0 0 0 
91 80 0 0 0 0 0 0 0 0 0 0 0 
93 80 0 0 0 0 0 0 0 0 0 0 0 
95 80 0 0 0 0 0 0 0 0 0 0 0 
97 80 0 0 0 0 0 0 0 0 0 0 0 
99 80 0 0 0 0 0 0 0 0 0 0 0 
101 80 0 0 0 0 0 0 0 0 0 0 0 
103 80 0 0 0 0 0 0 0 0 0 0 0 
105 80 0 0 0 0 0 0 0 0 0 0 0 
107 80 0 0 0 0 0 0 0 0 0 0 0 
109 80 0 0 0 0 0 0 0 0 0 0 0 
111 80 0 0 0 0 0 0 0 0 0 0 0 
113 80 0 0 0 0 0 0 0 0 0 0 0 
115 80 0 0 0 0 0 0 0 0 0 0 0 
117 80 0 0 0 0 0 0 0 0 0 0 0 
119 80 0 0 0 0 0 0 0 0 0 0 0 
121 80 0 0 0 0 0 0 0 0 0 0 0 
123 80 0 0 0 0 0 0 0 0 0 0 0 
125 80 0 0 0 0 0 0 0 0 0 0 0 
127 81 0 0 0 0 0 0 0 0 0 0 0 
33 81 0 0 0 0 0 0 0 0 0 0 0 
35 81 0 0 0 0 0 0 0 0 0 0 0 
37 81 0 0 0 0 0 0 0 0 0 0 0 
39 81 0 0 0 0 0 0 0 0 0 0 0 
41 81 0 0 0 0 0 0 0 0 0 0 0 
43 81 0 0 0 0 0 0 0 0 0 0 0 
45 81 0 0 0 0 0 0 0 0 0 0 0 
47 81 0 0 0 0 0 0 0 0 0 0 0 
49 81 0 0 0 0 0 0 0 0 0 0 0 
51 81 0 0 0 0 0 0 0 0 0 0 0 
53 81 0 0 0 0 0 0 0 0 0 0 0 
55 81 0 0 0 0 0 0 0 0 0 0 0 
57 81 0 0 0 0 0 0 0 0 0 0 0 
59 81 0 0 0 0 0 0 0 0 0 0 0 
61 81 0 0 0 0 0 0 0 0 0 0 0 
63 81 0 0 0 0 0 0 0 0 0 0 0 
65 81 0 0 0 0 0 0 0 0 0 0 0 
67 81 0 0 0 0 0 0 0 0 0 0 0 
69 81 0 0 0 0 0 0 0 0 0 0 0 
71 81 0 0 0 0 0 0 0 0 0 0 0 
73 81 0 0 0 0 0 0 0 0 0 0 0 
75 81 0 0 0 0 0 0 0 0 0 0 0 
77 81 0 0 0 0 0 0 0 0 0 0 0 
79 81 0 0 0 0 0 0 0 0 0 0 0 
81 81 0 0 0 0 0 0 0 0 0 0 0 
83 81 0 0 0 0 0 0 0 0 0 0 0 
85 81 0 0 0 0 0 0 0 0 0 0 0 
87 81 0 0 0 0 0 0 0 0 0 0 0 
89 81 0 0 0 0 0 0 0 0 0 0 0 
91 81 0 0 0 0 0 0 0 0 0 0 0 
93 81 0 0 0 0 0 0 0 0 0 0 0 
95 81 0 0 0 0 0 0 0 0 0 0 0 
97 81 0 0 0 0 0 0 0 0 0 0 0 
99 81 0 0 0 0 0 0 0 0 0 0 0 
101 81 0 0 0 0 0 0 0 0 0 0 0 
103 81 0 0 0 0 0 0 0 0 0 0 0 
105 81 0 0 0 0 0 0 0 0 0 0 0 
107 81 0 0 0 0 0 0 0 0 0 0 0 
109 81 0 0 0 0 0 0 0 0 0 0 0 
111 81 0 0 0 0 0 0 0 0 0 0 0 
113 81 0 0 0 0 0 0 0 0 0 0 0 
115 81 0 0 0 0 0 0 0 0 0 0 0 
117 81 0 0 0 0 0 0 0 0 0 0 0 
119 81 0 0 0 0 0 0 0 0 0 0 0 
121 81 0 0 0 0 0 0 0 0 0 0 0 
123 81 0 0 0 0 0 0 0 0 0 0 0 
125 81 0 0 0 0 0 0 0 0 0 0 0 
127 82 0 0 0 0 0 0 0 0 0 0 0 
33 82 0 0 0 0 0 0 0 0 0 0 0 
35 82 0 0 0 0 0 0 0 0 0 0 0 
37 82 0 0 0 0 0 0 0 0 0 0 0 
39 82 0 0 0 0 0 0 0 0 0 0 0 
41 82 0 0 0 0 0 0 0 0 0 0 0 
43 82 0 0 0 0 0 0 0 0 0 0 0 
45 82 0 0 0 0 0 0 0 0 0 0 0 
47 82 0 0 0 0 0 0 0 0 0 0 0 
49 82 0 0 0 0 0 0 0 0 0 0 0 
51 82 0 0 0 0 0 0 0 0 0 0 0 
53 82 0 0 0 0 0 0 0 0 0 0 0 
55 82 0 0 0 0 0 0 0 0 0 0 0 
57 82 0 0 0 0 0 0 0 0 0 0 0 
59 82 0 0 0 0 0 0 0 0 0 0 0 
61 82 0 0 0 0 0 0 0 0 0 0 0 
63 82 0 0 0 0 0 0 0 0 0 0 0 
65 82 0 0 0 0 0 0 0 0 0 0 0 
67 82 0 0 0 0 0 0 0 0 0 0 0 
69 82 0 0 0 0 0 0 0 0 0 0 0 
71 82 0 0 0 0 0 0 0 0 0 0 0 
73 82 0 0 0 0 0 0 0 0 0 0 0 
75 82 0 0 0 0 0 0 0 0 0 0 0 
77 82 0 0 0 0 0 0 0 0 0 0 0 
79 82 0 0 0 0 0 0 0 0 0 0 0 
81 82 0 0 0 0 0 0 0 0 0 0 0 
83 82 0 0 0 0 0 0 0 0 0 0 0 
85 82 0 0 0 0 0 0 0 0 0 0 0 
87 82 0 0 0 0 0 0 0 0 0 0 0 
89 82 0 0 0 0 0 0 0 0 0 0 0 
91 82 0 0 0 0 0 0 0 0 0 0 0 
93 82 0 0 0 0 0 0 0 0 0 0 0 
95 82 0 0 0 0 0 0 0 0 0 0 0 
97 82 0 0 0 0 0 0 0 0 0 0 0 
99 82 0 0 0 0 0 0 0 0 0 0 0 
101 82 0 0 0 0 0 0 0 0 0 0 0 
103 82 0 0 0 0 0 0 0 0 0 0 0 
105 82 0 0 0 0 0 0 0 0 0 0 0 
107 82 0 0 0 0 0 0 0 0 0 0 0 
109 82 0 0 0 0 0 0 0 0 0 0 0 
111 82 0 0 0 0 0 0 0 0 0 0 0 
113 82 0 0 0 0 0 0 0 0 0 0 0 
115 82 0 0 0 0 0 0 0 0 0 0 0 
117 82 0 0 0 0 0 0 0 0 0 0 0 
119 82 0 0 0 0 0 0 0 0 0 0 0 
121 82 0 0 0 0 0 0 0 0 0 0 0 
123 82 0 0 0 0 0 0 0 0 0 0 0 
125 82 0 0 0 0 0 0 0 0 0 0 0 
127 83 0 0 0 0 0 0 0 0 0 0 0 
33 83 0 0 0 0 0 0 0 0 0 0 0 
35 83 0 0 0 0 0 0 0 0 0 0 0 
37 83 0 0 0 0 0 0 0 0 0 0 0 
39 83 0 0 0 0 0 0 0 0 0 0 0 
41 83 0 0 0 0 0 0 0 0 0 0 0 
43 83 0 0 0 0 0 0 0 0 0 0 0 
45 83 0 0 0 0 0 0 0 0 0 0 0 
47 83 0 0 0 0 0 0 0 0 0 0 0 
49 83 0 0 0 0 0 0 0 0 0 0 0 
51 83 0 0 0 0 0 0 0 0 0 0 0 
53 83 0 0 0 0 0 0 0 0 0 0 0 
55 83 0 0 0 0 0 0 0 0 0 0 0 
57 83 0 0 0 0 0 0 0 0 0 0 0 
59 83 0 0 0 0 0 0 0 0 0 0 0 
61 83 0 0 0 0 0 0 0 0 0 0 0 
63 83 0 0 0 0 0 0 0 0 0 0 0 
65 83 0 0 0 0 0 0 0 0 0 0 0 
67 83 0 0 0 0 0 0 0 0 0 0 0 
69 83 0 0 0 0 0 0 0 0 0 0 0 
71 83 0 0 0 0 0 0 0 0 0 0 0 
73 83 0 0 0 0 0 0 0 0 0 0 0 
75 83 0 0 0 0 0 0 0 0 0 0 0 
77 83 0 0 0 0 0 0 0 0 0 0 0 
79 83 0 0 0 0 0 0 0 0 0 0 0 
81 83 0 0 0 0 0 0 0 0 0 0 0 
83 83 0 0 0 0 0 0 0 0 0 0 0 
85 83 0 0 0 0 0 0 0 0 0 0 0 
87 83 0 0 0 0 0 0 0 0 0 0 0 
89 83 0 0 0 0 0 0 0 0 0 0 0 
91 83 0 0 0 0 0 0 0 0 0 0 0 
93 83 0 0 0 0 0 0 0 0 0 0 0 
95 83 0 0 0 0 0 0 0 0 0 0 0 
97 83 0 0 0 0 0 0 0 0 0 0 0 
99 83 0 0 0 0 0 0 0 0 0 0 0 
101 83 0 0 0 0 0 0 0 0 0 0 0 
103 83 0 0 0 0 0 0 0 0 0 0 0 
105 83 0 0 0 0 0 0 0 0 0 0 0 
107 83 0 0 0 0 0 0 0 0 0 0 0 
109 83 0 0 0 0 0 0 0 0 0 0 0 
111 83 0 0 0 0 0 0 0 0 0 0 0 
113 83 0 0 0 0 0 0 0 0 0 0 0 
115 83 0 0 0 0 0 0 0 0 0 0 0 
117 83 0 0 0 0 0 0 0 0 0 0 0 
119 83 0 0 0 0 0 0 0 0 0 0 0 
121 83 0 0 0 0 0 0 0 0 0 0 0 
123 83 0 0 0 0 0 0 0 0 0 0 0 
125 83 0 0 0 0 0 0 0 0 0 0 0 
127 84 0 0 0 0 0 0 0 0 0 0 0 
33 84 0 0 0 0 0 0 0 0 0 0 0 
35 84 0 0 0 0 0 0 0 0 0 0 0 
37 84 0 0 0 0 0 0 0 0 0 0 0 
39 84 0 0 0 0 0 0 0 0 0 0 0 
41 84 0 0 0 0 0 0 0 0 0 0 0 
43 84 0 0 0 0 0 0 0 0 0 0 0 
45 84 0 0 0 0 0 0 0 0 0 0 0 
47 84 0 0 0 0 0 0 0 0 0 0 0 
49 84 0 0 0 0 0 0 0 0 0 0 0 
51 84 0 0 0 0 0 0 0 0 0 0 0 
53 84 0 0 0 0 0 0 0 0 0 0 0 
55 84 0 0 0 0 0 0 0 0 0 0 0 
57 84 0 0 0 0 0 0 0 0 0 0 0 
59 84 0 0 0 0 0 0 0 0 0 0 0 
61 84 0 0 0 0 0 0 0 0 0 0 0 
63 84 0 0 0 0 0 0 0 0 0 0 0 
65 84 0 0 0 0 0 0 0 0 0 0 0 
67 84 0 0 0 0 0 0 0 0 0 0 0 
69 84 0 0 0 0 0 0 0 0 0 0 0 
71 84 0 0 0 0 0 0 0 0 0 0 0 
73 84 0 0 0 0 0 0 0 0 0 0 0 
75 84 0 0 0 0 0 0 0 0 0 0 0 
77 84 0 0 0 0 0 0 0 0 0 0 0 
79 84 0 0 0 0 0 0 0 0 0 0 0 
81 84 0 0 0 0 0 0 0 0 0 0 0 
83 84 0 0 0 0 0 0 0 0 0 0 0 
85 84 0 0 0 0 0 0 0 0 0 0 0 
87 84 0 0 0 0 0 0 0 0 0 0 0 
89 84 0 0 0 0 0 0 0 0 0 0 0 
91 84 0 0 0 0 0 0 0 0 0 0 0 
93 84 0 0 0 0 0 0 0 0 0 0 0 
95 84 0 0 0 0 0 0 0 0 0 0 0 
97 84 0 0 0 0 0 0 0 0 0 0 0 
99 84 0 0 0 0 0 0 0 0 0 0 0 
101 84 0 0 0 0 0 0 0 0 0 0 0 
103 84 0 0 0 0 0 0 0 0 0 0 0 
105 84 0 0 0 0 0 0 0 0 0 0 0 
107 84 0 0 0 0 0 0 0 0 0 0 0 
109 84 0 0 0 0 0 0 0 0 0 0 0 
111 84 0 0 0 0 0 0 0 0 0 0 0 
113 84 0 0 0 0 0 0 0 0 0 0 0 
115 84 0 0 0 0 0 0 0 0 0 0 0 
117 84 0 0 0 0 0 0 0 0 0 0 0 
119 84 0 0 0 0 0 0 0 0 0 0 0 
121 84 0 0 0 0 0 0 0 0 0 0 0 
123 84 0 0 0 0 0 0 0 0 0 0 0 
125 84 0 0 0 0 0 0 0 0 0 0 0 
127 85 0 0 0 0 0 0 0 0 0 0 0 
33 85 0 0 0 0 0 0 0 0 0 0 0 
35 85 0 0 0 0 0 0 0 0 0 0 0 
37 85 0 0 0 0 0 0 0 0 0 0 0 
39 85 0 0 0 0 0 0 0 0 0 0 0 
41 85 0 0 0 0 0 0 0 0 0 0 0 
43 85 0 0 0 0 0 0 0 0 0 0 0 
45 85 0 0 0 0 0 0 0 0 0 0 0 
47 85 0 0 0 0 0 0 0 0 0 0 0 
49 85 0 0 0 0 0 0 0 0 0 0 0 
51 85 0 0 0 0 0 0 0 0 0 0 0 
53 85 0 0 0 0 0 0 0 0 0 0 0 
55 85 0 0 0 0 0 0 0 0 0 0 0 
57 85 0 0 0 0 0 0 0 0 0 0 0 
59 85 0 0 0 0 0 0 0 0 0 0 0 
61 85 0 0 0 0 0 0 0 0 0 0 0 
63 85 0 0 0 0 0 0 0 0 0 0 0 
65 85 0 0 0 0 0 0 0 0 0 0 0 
67 85 0 0 0 0 0 0 0 0 0 0 0 
69 85 0 0 0 0 0 0 0 0 0 0 0 
71 85 0 0 0 0 0 0 0 0 0 0 0 
73 85 0 0 0 0 0 0 0 0 0 0 0 
75 85 0 0 0 0 0 0 0 0 0 0 0 
77 85 0 0 0 0 0 0 0 0 0 0 0 
79 85 0 0 0 0 0 0 0 0 0 0 0 
81 85 0 0 0 0 0 0 0 0 0 0 0 
83 85 0 0 0 0 0 0 0 0 0 0 0 
85 85 0 0 0 0 0 0 0 0 0 0 0 
87 85 0 0 0 0 0 0 0 0 0 0 0 
89 85 0 0 0 0 0 0 0 0 0 0 0 
91 85 0 0 0 0 0 0 0 0 0 0 0 
93 85 0 0 0 0 0 0 0 0 0 0 0 
95 85 0 0 0 0 0 0 0 0 0 0 0 
97 85 0 0 0 0 0 0 0 0 0 0 0 
99 85 0 0 0 0 0 0 0 0 0 0 0 
101 85 0 0 0 0 0 0 0 0 0 0 0 
103 85 0 0 0 0 0 0 0 0 0 0 0 
105 85 0 0 0 0 0 0 0 0 0 0 0 
107 85 0 0 0 0 0 0 0 0 0 0 0 
109 85 0 0 0 0 0 0 0 0 0 0 0 
111 85 0 0 0 0 0 0 0 0 0 0 0 
113 85 0 0 0 0 0 0 0 0 0 0 0 
115 85 0 0 0 0 0 0 0 0 0 0 0 
117 85 0 0 0 0 0 0 0 0 0 0 0 
119 85 0 0 0 0 0 0 0 0 0 0 0 
121 85 0 0 0 0 0 0 0 0 0 0 0 
123 85 0 0 0 0 0 0 0 0 0 0 0 
125 85 0 0 0 0 0 0 0 0 0 0 0 
127 86 0 0 0 0 0 0 0 0 0 0 0 
33 86 0 0 0 0 0 0 0 0 0 0 0 
35 86 0 0 0 0 0 0 0 0 0 0 0 
37 86 0 0 0 0 0 0 0 0 0 0 0 
39 86 0 0 0 0 0 0 0 0 0 0 0 
41 86 0 0 0 0 0 0 0 0 0 0 0 
43 86 0 0 0 0 0 0 0 0 0 0 0 
45 86 0 0 0 0 0 0 0 0 0 0 0 
47 86 0 0 0 0 0 0 0 0 0 0 0 
49 86 0 0 0 0 0 0 0 0 0 0 0 
51 86 0 0 0 0 0 0 0 0 0 0 0 
53 86 0 0 0 0 0 0 0 0 0 0 0 
55 86 0 0 0 0 0 0 0 0 0 0 0 
57 86 0 0 0 0 0 0 0 0 0 0 0 
59 86 0 0 0 0 0 0 0 0 0 0 0 
61 86 0 0 0 0 0 0 0 0 0 0 0 
63 86 0 0 0 0 0 0 0 0 0 0 0 
65 86 0 0 0 0 0 0 0 0 0 0 0 
67 86 0 0 0 0 0 0 0 0 0 0 0 
69 86 0 0 0 0 0 0 0 0 0 0 0 
71 86 0 0 0 0 0 0 0 0 0 0 0 
73 86 0 0 0 0 0 0 0 0 0 0 0 
75 86 0 0 0 0 0 0 0 0 0 0 0 
77 86 0 0 0 0 0 0 0 0 0 0 0 
79 86 0 0 0 0 0 0 0 0 0 0 0 
81 86 0 0 0 0 0 0 0 0 0 0 0 
83 86 0 0 0 0 0 0 0 0 0 0 0 
85 86 0 0 0 0 0 0 0 0 0 0 0 
87 86 0 0 0 0 0 0 0 0 0 0 0 
89 86 0 0 0 0 0 0 0 0 0 0 0 
91 86 0 0 0 0 0 0 0 0 0 0 0 
93 86 0 0 0 0 0 0 0 0 0 0 0 
95 86 0 0 0 0 0 0 0 0 0 0 0 
97 86 0 0 0 0 0 0 0 0 0 0 0 
99 86 0 0 0 0 0 0 0 0 0 0 0 
101 86 0 0 0 0 0 0 0 0 0 0 0 
103 86 0 0 0 0 0 0 0 0 0 0 0 
105 86 0 0 0 0 0 0 0 0 0 0 0 
107 86 0 0 0 0 0 0 0 0 0 0 0 
109 86 0 0 0 0 0 0 0 0 0 0 0 
111 86 0 0 0 0 0 0 0 0 0 0 0 
113 86 0 0 0 0 0 0 0 0 0 0 0 
115 86 0 0 0 0 0 0 0 0 0 0 0 
117 86 0 0 0 0 0 0 0 0 0 0 0 
119 86 0 0 0 0 0 0 0 0 0 0 0 
121 86 0 0 0 0 0 0 0 0 0 0 0 
123 86 0 0 0 0 0 0 0 0 0 0 0 
125 86 0 0 0 0 0 0 0 0 0 0 0 
127 87 0 0 0 0 0 0 0 0 0 0 0 
33 87 0 0 0 0 0 0 0 0 0 0 0 
35 87 0 0 0 0 0 0 0 0 0 0 0 
37 87 0 0 0 0 0 0 0 0 0 0 0 
39 87 0 0 0 0 0 0 0 0 0 0 0 
41 87 0 0 0 0 0 0 0 0 0 0 0 
43 87 0 0 0 0 0 0 0 0 0 0 0 
45 87 0 0 0 0 0 0 0 0 0 0 0 
47 87 0 0 0 0 0 0 0 0 0 0 0 
49 87 0 0 0 0 0 0 0 0 0 0 0 
51 87 0 0 0 0 0 0 0 0 0 0 0 
53 87 0 0 0 0 0 0 0 0 0 0 0 
55 87 0 0 0 0 0 0 0 0 0 0 0 
57 87 0 0 0 0 0 0 0 0 0 0 0 
59 87 0 0 0 0 0 0 0 0 0 0 0 
61 87 0 0 0 0 0 0 0 0 0 0 0 
63 87 0 0 0 0 0 0 0 0 0 0 0 
65 87 0 0 0 0 0 0 0 0 0 0 0 
67 87 0 0 0 0 0 0 0 0 0 0 0 
69 87 0 0 0 0 0 0 0 0 0 0 0 
71 87 0 0 0 0 0 0 0 0 0 0 0 
73 87 0 0 0 0 0 0 0 0 0 0 0 
75 87 0 0 0 0 0 0 0 0 0 0 0 
77 87 0 0 0 0 0 0 0 0 0 0 0 
79 87 0 0 0 0 0 0 0 0 0 0 0 
81 87 0 0 0 0 0 0 0 0 0 0 0 
83 87 0 0 0 0 0 0 0 0 0 0 0 
85 87 0 0 0 0 0 0 0 0 0 0 0 
87 87 0 0 0 0 0 0 0 0 0 0 0 
89 87 0 0 0 0 0 0 0 0 0 0 0 
91 87 0 0 0 0 0 0 0 0 0 0 0 
93 87 0 0 0 0 0 0 0 0 0 0 0 
95 87 0 0 0 0 0 0 0 0 0 0 0 
97 87 0 0 0 0 0 0 0 0 0 0 0 
99 87 0 0 0 0 0 0 0 0 0 0 0 
101 87 0 0 0 0 0 0 0 0 0 0 0 
103 87 0 0 0 0 0 0 0 0 0 0 0 
105 87 0 0 0 0 0 0 0 0 0 0 0 
107 87 0 0 0 0 0 0 0 0 0 0 0 
109 87 0 0 0 0 0 0 0 0 0 0 0 
111 87 0 0 0 0 0 0 0 0 0 0 0 
113 87 0 0 0 0 0 0 0 0 0 0 0 
115 87 0 0 0 0 0 0 0 0 0 0 0 
117 87 0 0 0 0 0 0 0 0 0 0 0 
119 87 0 0 0 0 0 0 0 0 0 0 0 
121 87 0 0 0 0 0 0 0 0 0 0 0 
123 87 0 0 0 0 0 0 0 0 0 0 0 
125 87 0 0 0 0 0 0 0 0 0 0 0 
127 88 0 0 0 0 0 0 0 0 0 0 0 
33 88 0 0 0 0 0 0 0 0 0 0 0 
35 88 0 0 0 0 0 0 0 0 0 0 0 
37 88 0 0 0 0 0 0 0 0 0 0 0 
39 88 0 0 0 0 0 0 0 0 0 0 0 
41 88 0 0 0 0 0 0 0 0 0 0 0 
43 88 0 0 0 0 0 0 0 0 0 0 0 
45 88 0 0 0 0 0 0 0 0 0 0 0 
47 88 0 0 0 0 0 0 0 0 0 0 0 
49 88 0 0 0 0 0 0 0 0 0 0 0 
51 88 0 0 0 0 0 0 0 0 0 0 0 
53 88 0 0 0 0 0 0 0 0 0 0 0 
55 88 0 0 0 0 0 0 0 0 0 0 0 
57 88 0 0 0 0 0 0 0 0 0 0 0 
59 88 0 0 0 0 0 0 0 0 0 0 0 
61 88 0 0 0 0 0 0 0 0 0 0 0 
63 88 0 0 0 0 0 0 0 0 0 0 0 
65 88 0 0 0 0 0 0 0 0 0 0 0 
67 88 0 0 0 0 0 0 0 0 0 0 0 
69 88 0 0 0 0 0 0 0 0 0 0 0 
71 88 0 0 0 0 0 0 0 0 0 0 0 
73 88 0 0 0 0 0 0 0 0 0 0 0 
75 88 0 0 0 0 0 0 0 0 0 0 0 
77 88 0 0 0 0 0 0 0 0 0 0 0 
79 88 0 0 0 0 0 0 0 0 0 0 0 
81 88 0 0 0 0 0 0 0 0 0 0 0 
83 88 0 0 0 0 0 0 0 0 0 0 0 
85 88 0 0 0 0 0 0 0 0 0 0 0 
87 88 0 0 0 0 0 0 0 0 0 0 0 
89 88 0 0 0 0 0 0 0 0 0 0 0 
91 88 0 0 0 0 0 0 0 0 0 0 0 
93 88 0 0 0 0 0 0 0 0 0 0 0 
95 88 0 0 0 0 0 0 0 0 0 0 0 
97 88 0 0 0 0 0 0 0 0 0 0 0 
99 88 0 0 0 0 0 0 0 0 0 0 0 
101 88 0 0 0 0 0 0 0 0 0 0 0 
103 88 0 0 0 0 0 0 0 0 0 0 0 
105 88 0 0 0 0 0 0 0 0 0 0 0 
107 88 0 0 0 0 0 0 0 0 0 0 0 
109 88 0 0 0 0 0 0 0 0 0 0 0 
111 88 0 0 0 0 0 0 0 0 0 0 0 
113 88 0 0 0 0 0 0 0 0 0 0 0 
115 88 0 0 0 0 0 0 0 0 0 0 0 
117 88 0 0 0 0 0 0 0 0 0 0 0 
119 88 0 0 0 0 0 0 0 0 0 0 0 
121 88 0 0 0 0 0 0 0 0 0 0 0 
123 88 0 0 0 0 0 0 0 0 0 0 0 
125 88 0 0 0 0 0 0 0 0 0 0 0 
127 89 0 0 0 0 0 0 0 0 0 0 0 
33 89 0 0 0 0 0 0 0 0 0 0 0 
35 89 0 0 0 0 0 0 0 0 0 0 0 
37 89 0 0 0 0 0 0 0 0 0 0 0 
39 89 0 0 0 0 0 0 0 0 0 0 0 
41 89 0 0 0 0 0 0 0 0 0 0 0 
43 89 0 0 0 0 0 0 0 0 0 0 0 
45 89 0 0 0 0 0 0 0 0 0 0 0 
47 89 0 0 0 0 0 0 0 0 0 0 0 
49 89 0 0 0 0 0 0 0 0 0 0 0 
51 89 0 0 0 0 0 0 0 0 0 0 0 
53 89 0 0 0 0 0 0 0 0 0 0 0 
55 89 0 0 0 0 0 0 0 0 0 0 0 
57 89 0 0 0 0 0 0 0 0 0 0 0 
59 89 0 0 0 0 0 0 0 0 0 0 0 
61 89 0 0 0 0 0 0 0 0 0 0 0 
63 89 0 0 0 0 0 0 0 0 0 0 0 
65 89 0 0 0 0 0 0 0 0 0 0 0 
67 89 0 0 0 0 0 0 0 0 0 0 0 
69 89 0 0 0 0 0 0 0 0 0 0 0 
71 89 0 0 0 0 0 0 0 0 0 0 0 
73 89 0 0 0 0 0 0 0 0 0 0 0 
75 89 0 0 0 0 0 0 0 0 0 0 0 
77 89 0 0 0 0 0 0 0 0 0 0 0 
79 89 0 0 0 0 0 0 0 0 0 0 0 
81 89 0 0 0 0 0 0 0 0 0 0 0 
83 89 0 0 0 0 0 0 0 0 0 0 0 
85 89 0 0 0 0 0 0 0 0 0 0 0 
87 89 0 0 0 0 0 0 0 0 0 0 0 
89 89 0 0 0 0 0 0 0 0 0 0 0 
91 89 0 0 0 0 0 0 0 0 0 0 0 
93 89 0 0 0 0 0 0 0 0 0 0 0 
95 89 0 0 0 0 0 0 0 0 0 0 0 
97 89 0 0 0 0 0 0 0 0 0 0 0 
99 89 0 0 0 0 0 0 0 0 0 0 0 
101 89 0 0 0 0 0 0 0 0 0 0 0 
103 89 0 0 0 0 0 0 0 0 0 0 0 
105 89 0 0 0 0 0 0 0 0 0 0 0 
107 89 0 0 0 0 0 0 0 0 0 0 0 
109 89 0 0 0 0 0 0 0 0 0 0 0 
111 89 0 0 0 0 0 0 0 0 0 0 0 
113 89 0 0 0 0 0 0 0 0 0 0 0 
115 89 0 0 0 0 0 0 0 0 0 0 0 
117 89 0 0 0 0 0 0 0 0 0 0 0 
119 89 0 0 0 0 0 0 0 0 0 0 0 
121 89 0 0 0 0 0 0 0 0 0 0 0 
123 89 0 0 0 0 0 0 0 0 0 0 0 
125 89 0 0 0 0 0 0 0 0 0 0 0 
127 90 0 0 0 0 0 0 0 0 0 0 0 
33 90 0 0 0 0 0 0 0 0 0 0 0 
35 90 0 0 0 0 0 0 0 0 0 0 0 
37 90 0 0 0 0 0 0 0 0 0 0 0 
39 90 0 0 0 0 0 0 0 0 0 0 0 
41 90 0 0 0 0 0 0 0 0 0 0 0 
43 90 0 0 0 0 0 0 0 0 0 0 0 
45 90 0 0 0 0 0 0 0 0 0 0 0 
47 90 0 0 0 0 0 0 0 0 0 0 0 
49 90 0 0 0 0 0 0 0 0 0 0 0 
51 90 0 0 0 0 0 0 0 0 0 0 0 
53 90 0 0 0 0 0 0 0 0 0 0 0 
55 90 0 0 0 0 0 0 0 0 0 0 0 
57 90 0 0 0 0 0 0 0 0 0 0 0 
59 90 0 0 0 0 0 0 0 0 0 0 0 
61 90 0 0 0 0 0 0 0 0 0 0 0 
63 90 0 0 0 0 0 0 0 0 0 0 0 
65 90 0 0 0 0 0 0 0 0 0 0 0 
67 90 0 0 0 0 0 0 0 0 0 0 0 
69 90 0 0 0 0 0 0 0 0 0 0 0 
71 90 0 0 0 0 0 0 0 0 0 0 0 
73 90 0 0 0 0 0 0 0 0 0 0 0 
75 90 0 0 0 0 0 0 0 0 0 0 0 
77 90 0 0 0 0 0 0 0 0 0 0 0 
79 90 0 0 0 0 0 0 0 0 0 0 0 
81 90 0 0 0 0 0 0 0 0 0 0 0 
83 90 0 0 0 0 0 0 0 0 0 0 0 
85 90 0 0 0 0 0 0 0 0 0 0 0 
87 90 0 0 0 0 0 0 0 0 0 0 0 
89 90 0 0 0 0 0 0 0 0 0 0 0 
91 90 0 0 0 0 0 0 0 0 0 0 0 
93 90 0 0 0 0 0 0 0 0 0 0 0 
95 90 0 0 0 0 0 0 0 0 0 0 0 
97 90 0 0 0 0 0 0 0 0 0 0 0 
99 90 0 0 0 0 0 0 0 0 0 0 0 
101 90 0 0 0 0 0 0 0 0 0 0 0 
103 90 0 0 0 0 0 0 0 0 0 0 0 
105 90 0 0 0 0 0 0 0 0 0 0 0 
107 90 0 0 0 0 0 0 0 0 0 0 0 
109 90 0 0 0 0 0 0 0 0 0 0 0 
111 90 0 0 0 0 0 0 0 0 0 0 0 
113 90 0 0 0 0 0 0 0 0 0 0 0 
115 90 0 0 0 0 0 0 0 0 0 0 0 
117 90 0 0 0 0 0 0 0 0 0 0 0 
119 90 0 0 0 0 0 0 0 0 0 0 0 
121 90 0 0 0 0 0 0 0 0 0 0 0 
123 90 0 0 0 0 0 0 0 0 0 0 0 
125 90 0 0 0 0 0 0 0 0 0 0 0 
127 91 0 0 0 0 0 0 0 0 0 0 0 
33 91 0 0 0 0 0 0 0 0 0 0 0 
35 91 0 0 0 0 0 0 0 0 0 0 0 
37 91 0 0 0 0 0 0 0 0 0 0 0 
39 91 0 0 0 0 0 0 0 0 0 0 0 
41 91 0 0 0 0 0 0 0 0 0 0 0 
43 91 0 0 0 0 0 0 0 0 0 0 0 
45 91 0 0 0 0 0 0 0 0 0 0 0 
47 91 0 0 0 0 0 0 0 0 0 0 0 
49 91 0 0 0 0 0 0 0 0 0 0 0 
51 91 0 0 0 0 0 0 0 0 0 0 0 
53 91 0 0 0 0 0 0 0 0 0 0 0 
55 91 0 0 0 0 0 0 0 0 0 0 0 
57 91 0 0 0 0 0 0 0 0 0 0 0 
59 91 0 0 0 0 0 0 0 0 0 0 0 
61 91 0 0 0 0 0 0 0 0 0 0 0 
63 91 0 0 0 0 0 0 0 0 0 0 0 
65 91 0 0 0 0 0 0 0 0 0 0 0 
67 91 0 0 0 0 0 0 0 0 0 0 0 
69 91 0 0 0 0 0 0 0 0 0 0 0 
71 91 0 0 0 0 0 0 0 0 0 0 0 
73 91 0 0 0 0 0 0 0 0 0 0 0 
75 91 0 0 0 0 0 0 0 0 0 0 0 
77 91 0 0 0 0 0 0 0 0 0 0 0 
79 91 0 0 0 0 0 0 0 0 0 0 0 
81 91 0 0 0 0 0 0 0 0 0 0 0 
83 91 0 0 0 0 0 0 0 0 0 0 0 
85 91 0 0 0 0 0 0 0 0 0 0 0 
87 91 0 0 0 0 0 0 0 0 0 0 0 
89 91 0 0 0 0 0 0 0 0 0 0 0 
91 91 0 0 0 0 0 0 0 0 0 0 0 
93 91 0 0 0 0 0 0 0 0 0 0 0 
95 91 0 0 0 0 0 0 0 0 0 0 0 
97 91 0 0 0 0 0 0 0 0 0 0 0 
99 91 0 0 0 0 0 0 0 0 0 0 0 
101 91 0 0 0 0 0 0 0 0 0 0 0 
103 91 0 0 0 0 0 0 0 0 0 0 0 
105 91 0 0 0 0 0 0 0 0 0 0 0 
107 91 0 0 0 0 0 0 0 0 0 0 0 
109 91 0 0 0 0 0 0 0 0 0 0 0 
111 91 0 0 0 0 0 0 0 0 0 0 0 
113 91 0 0 0 0 0 0 0 0 0 0 0 
115 91 0 0 0 0 0 0 0 0 0 0 0 
117 91 0 0 0 0 0 0 0 0 0 0 0 
119 91 0 0 0 0 0 0 0 0 0 0 0 
121 91 0 0 0 0 0 0 0 0 0 0 0 
123 91 0 0 0 0 0 0 0 0 0 0 0 
125 91 0 0 0 0 0 0 0 0 0 0 0 
127 92 0 0 0 0 0 0 0 0 0 0 0 
33 92 0 0 0 0 0 0 0 0 0 0 0 
35 92 0 0 0 0 0 0 0 0 0 0 0 
37 92 0 0 0 0 0 0 0 0 0 0 0 
39 92 0 0 0 0 0 0 0 0 0 0 0 
41 92 0 0 0 0 0 0 0 0 0 0 0 
43 92 0 0 0 0 0 0 0 0 0 0 0 
45 92 0 0 0 0 0 0 0 0 0 0 0 
47 92 0 0 0 0 0 0 0 0 0 0 0 
49 92 0 0 0 0 0 0 0 0 0 0 0 
51 92 0 0 0 0 0 0 0 0 0 0 0 
53 92 0 0 0 0 0 0 0 0 0 0 0 
55 92 0 0 0 0 0 0 0 0 0 0 0 
57 92 0 0 0 0 0 0 0 0 0 0 0 
59 92 0 0 0 0 0 0 0 0 0 0 0 
61 92 0 0 0 0 0 0 0 0 0 0 0 
63 92 0 0 0 0 0 0 0 0 0 0 0 
65 92 0 0 0 0 0 0 0 0 0 0 0 
67 92 0 0 0 0 0 0 0 0 0 0 0 
69 92 0 0 0 0 0 0 0 0 0 0 0 
71 92 0 0 0 0 0 0 0 0 0 0 0 
73 92 0 0 0 0 0 0 0 0 0 0 0 
75 92 0 0 0 0 0 0 0 0 0 0 0 
77 92 0 0 0 0 0 0 0 0 0 0 0 
79 92 0 0 0 0 0 0 0 0 0 0 0 
81 92 0 0 0 0 0 0 0 0 0 0 0 
83 92 0 0 0 0 0 0 0 0 0 0 0 
85 92 0 0 0 0 0 0 0 0 0 0 0 
87 92 0 0 0 0 0 0 0 0 0 0 0 
89 92 0 0 0 0 0 0 0 0 0 0 0 
91 92 0 0 0 0 0 0 0 0 0 0 0 
93 92 0 0 0 0 0 0 0 0 0 0 0 
95 92 0 0 0 0 0 0 0 0 0 0 0 
97 92 0 0 0 0 0 0 0 0 0 0 0 
99 92 0 0 0 0 0 0 0 0 0 0 0 
101 92 0 0 0 0 0 0 0 0 0 0 0 
103 92 0 0 0 0 0 0 0 0 0 0 0 
105 92 0 0 0 0 0 0 0 0 0 0 0 
107 92 0 0 0 0 0 0 0 0 0 0 0 
109 92 0 0 0 0 0 0 0 0 0 0 0 
111 92 0 0 0 0 0 0 0 0 0 0 0 
113 92 0 0 0 0 0 0 0 0 0 0 0 
115 92 0 0 0 0 0 0 0 0 0 0 0 
117 92 0 0 0 0 0 0 0 0 0 0 0 
119 92 0 0 0 0 0 0 0 0 0 0 0 
121 92 0 0 0 0 0 0 0 0 0 0 0 
123 92 0 0 0 0 0 0 0 0 0 0 0 
125 92 0 0 0 0 0 0 0 0 0 0 0 
127 93 0 0 0 0 0 0 0 0 0 0 0 
33 93 0 0 0 0 0 0 0 0 0 0 0 
35 93 0 0 0 0 0 0 0 0 0 0 0 
37 93 0 0 0 0 0 0 0 0 0 0 0 
39 93 0 0 0 0 0 0 0 0 0 0 0 
41 93 0 0 0 0 0 0 0 0 0 0 0 
43 93 0 0 0 0 0 0 0 0 0 0 0 
45 93 0 0 0 0 0 0 0 0 0 0 0 
47 93 0 0 0 0 0 0 0 0 0 0 0 
49 93 0 0 0 0 0 0 0 0 0 0 0 
51 93 0 0 0 0 0 0 0 0 0 0 0 
53 93 0 0 0 0 0 0 0 0 0 0 0 
55 93 0 0 0 0 0 0 0 0 0 0 0 
57 93 0 0 0 0 0 0 0 0 0 0 0 
59 93 0 0 0 0 0 0 0 0 0 0 0 
61 93 0 0 0 0 0 0 0 0 0 0 0 
63 93 0 0 0 0 0 0 0 0 0 0 0 
65 93 0 0 0 0 0 0 0 0 0 0 0 
67 93 0 0 0 0 0 0 0 0 0 0 0 
69 93 0 0 0 0 0 0 0 0 0 0 0 
71 93 0 0 0 0 0 0 0 0 0 0 0 
73 93 0 0 0 0 0 0 0 0 0 0 0 
75 93 0 0 0 0 0 0 0 0 0 0 0 
77 93 0 0 0 0 0 0 0 0 0 0 0 
79 93 0 0 0 0 0 0 0 0 0 0 0 
81 93 0 0 0 0 0 0 0 0 0 0 0 
83 93 0 0 0 0 0 0 0 0 0 0 0 
85 93 0 0 0 0 0 0 0 0 0 0 0 
87 93 0 0 0 0 0 0 0 0 0 0 0 
89 93 0 0 0 0 0 0 0 0 0 0 0 
91 93 0 0 0 0 0 0 0 0 0 0 0 
93 93 0 0 0 0 0 0 0 0 0 0 0 
95 93 0 0 0 0 0 0 0 0 0 0 0 
97 93 0 0 0 0 0 0 0 0 0 0 0 
99 93 0 0 0 0 0 0 0 0 0 0 0 
101 93 0 0 0 0 0 0 0 0 0 0 0 
103 93 0 0 0 0 0 0 0 0 0 0 0 
105 93 0 0 0 0 0 0 0 0 0 0 0 
107 93 0 0 0 0 0 0 0 0 0 0 0 
109 93 0 0 0 0 0 0 0 0 0 0 0 
111 93 0 0 0 0 0 0 0 0 0 0 0 
113 93 0 0 0 0 0 0 0 0 0 0 0 
115 93 0 0 0 0 0 0 0 0 0 0 0 
117 93 0 0 0 0 0 0 0 0 0 0 0 
119 93 0 0 0 0 0 0 0 0 0 0 0 
121 93 0 0 0 0 0 0 0 0 0 0 0 
123 93 0 0 0 0 0 0 0 0 0 0 0 
125 93 0 0 0 0 0 0 0 0 0 0 0 
127 94 0 0 0 0 0 0 0 0 0 0 0 
33 94 0 0 0 0 0 0 0 0 0 0 0 
35 94 0 0 0 0 0 0 0 0 0 0 0 
37 94 0 0 0 0 0 0 0 0 0 0 0 
39 94 0 0 0 0 0 0 0 0 0 0 0 
41 94 0 0 0 0 0 0 0 0 0 0 0 
43 94 0 0 0 0 0 0 0 0 0 0 0 
45 94 0 0 0 0 0 0 0 0 0 0 0 
47 94 0 0 0 0 0 0 0 0 0 0 0 
49 94 0 0 0 0 0 0 0 0 0 0 0 
51 94 0 0 0 0 0 0 0 0 0 0 0 
53 94 0 0 0 0 0 0 0 0 0 0 0 
55 94 0 0 0 0 0 0 0 0 0 0 0 
57 94 0 0 0 0 0 0 0 0 0 0 0 
59 94 0 0 0 0 0 0 0 0 0 0 0 
61 94 0 0 0 0 0 0 0 0 0 0 0 
63 94 0 0 0 0 0 0 0 0 0 0 0 
65 94 0 0 0 0 0 0 0 0 0 0 0 
67 94 0 0 0 0 0 0 0 0 0 0 0 
69 94 0 0 0 0 0 0 0 0 0 0 0 
71 94 0 0 0 0 0 0 0 0 0 0 0 
73 94 0 0 0 0 0 0 0 0 0 0 0 
75 94 0 0 0 0 0 0 0 0 0 0 0 
77 94 0 0 0 0 0 0 0 0 0 0 0 
79 94 0 0 0 0 0 0 0 0 0 0 0 
81 94 0 0 0 0 0 0 0 0 0 0 0 
83 94 0 0 0 0 0 0 0 0 0 0 0 
85 94 0 0 0 0 0 0 0 0 0 0 0 
87 94 0 0 0 0 0 0 0 0 0 0 0 
89 94 0 0 0 0 0 0 0 0 0 0 0 
91 94 0 0 0 0 0 0 0 0 0 0 0 
93 94 0 0 0 0 0 0 0 0 0 0 0 
95 94 0 0 0 0 0 0 0 0 0 0 0 
97 94 0 0 0 0 0 0 0 0 0 0 0 
99 94 0 0 0 0 0 0 0 0 0 0 0 
101 94 0 0 0 0 0 0 0 0 0 0 0 
103 94 0 0 0 0 0 0 0 0 0 0 0 
105 94 0 0 0 0 0 0 0 0 0 0 0 
107 94 0 0 0 0 0 0 0 0 0 0 0 
109 94 0 0 0 0 0 0 0 0 0 0 0 
111 94 0 0 0 0 0 0 0 0 0 0 0 
113 94 0 0 0 0 0 0 0 0 0 0 0 
115 94 0 0 0 0 0 0 0 0 0 0 0 
117 94 0 0 0 0 0 0 0 0 0 0 0 
119 94 0 0 0 0 0 0 0 0 0 0 0 
121 94 0 0 0 0 0 0 0 0 0 0 0 
123 94 0 0 0 0 0 0 0 0 0 0 0 
125 94 0 0 0 0 0 0 0 0 0 0 0 
127 95 0 0 0 0 0 0 0 0 0 0 0 
33 95 0 0 0 0 0 0 0 0 0 0 0 
35 95 0 0 0 0 0 0 0 0 0 0 0 
37 95 0 0 0 0 0 0 0 0 0 0 0 
39 95 0 0 0 0 0 0 0 0 0 0 0 
41 95 0 0 0 0 0 0 0 0 0 0 0 
43 95 0 0 0 0 0 0 0 0 0 0 0 
45 95 0 0 0 0 0 0 0 0 0 0 0 
47 95 0 0 0 0 0 0 0 0 0 0 0 
49 95 0 0 0 0 0 0 0 0 0 0 0 
51 95 0 0 0 0 0 0 0 0 0 0 0 
53 95 0 0 0 0 0 0 0 0 0 0 0 
55 95 0 0 0 0 0 0 0 0 0 0 0 
57 95 0 0 0 0 0 0 0 0 0 0 0 
59 95 0 0 0 0 0 0 0 0 0 0 0 
61 95 0 0 0 0 0 0 0 0 0 0 0 
63 95 0 0 0 0 0 0 0 0 0 0 0 
65 95 0 0 0 0 0 0 0 0 0 0 0 
67 95 0 0 0 0 0 0 0 0 0 0 0 
69 95 0 0 0 0 0 0 0 0 0 0 0 
71 95 0 0 0 0 0 0 0 0 0 0 0 
73 95 0 0 0 0 0 0 0 0 0 0 0 
75 95 0 0 0 0 0 0 0 0 0 0 0 
77 95 0 0 0 0 0 0 0 0 0 0 0 
79 95 0 0 0 0 0 0 0 0 0 0 0 
81 95 0 0 0 0 0 0 0 0 0 0 0 
83 95 0 0 0 0 0 0 0 0 0 0 0 
85 95 0 0 0 0 0 0 0 0 0 0 0 
87 95 0 0 0 0 0 0 0 0 0 0 0 
89 95 0 0 0 0 0 0 0 0 0 0 0 
91 95 0 0 0 0 0 0 0 0 0 0 0 
93 95 0 0 0 0 0 0 0 0 0 0 0 
95 95 0 0 0 0 0 0 0 0 0 0 0 
97 95 0 0 0 0 0 0 0 0 0 0 0 
99 95 0 0 0 0 0 0 0 0 0 0 0 
101 95 0 0 0 0 0 0 0 0 0 0 0 
103 95 0 0 0 0 0 0 0 0 0 0 0 
105 95 0 0 0 0 0 0 0 0 0 0 0 
107 95 0 0 0 0 0 0 0 0 0 0 0 
109 95 0 0 0 0 0 0 0 0 0 0 0 
111 95 0 0 0 0 0 0 0 0 0 0 0 
113 95 0 0 0 0 0 0 0 0 0 0 0 
115 95 0 0 0 0 0 0 0 0 0 0 0 
117 95 0 0 0 0 0 0 0 0 0 0 0 
119 95 0 0 0 0 0 0 0 0 0 0 0 
121 95 0 0 0 0 0 0 0 0 0 0 0 
123 95 0 0 0 0 0 0 0 0 0 0 0 
125 95 0 0 0 0 0 0 0 0 0 0 0 
127 96 0 0 0 0 0 0 0 0 0 0 0 
33 96 0 0 0 0 0 0 0 0 0 0 0 
35 96 0 0 0 0 0 0 0 0 0 0 0 
37 96 0 0 0 0 0 0 0 0 0 0 0 
39 96 0 0 0 0 0 0 0 0 0 0 0 
41 96 0 0 0 0 0 0 0 0 0 0 0 
43 96 0 0 0 0 0 0 0 0 0 0 0 
45 96 0 0 0 0 0 0 0 0 0 0 0 
47 96 0 0 0 0 0 0 0 0 0 0 0 
49 96 0 0 0 0 0 0 0 0 0 0 0 
51 96 0 0 0 0 0 0 0 0 0 0 0 
53 96 0 0 0 0 0 0 0 0 0 0 0 
55 96 0 0 0 0 0 0 0 0 0 0 0 
57 96 0 0 0 0 0 0 0 0 0 0 0 
59 96 0 0 0 0 0 0 0 0 0 0 0 
61 96 0 0 0 0 0 0 0 0 0 0 0 
63 96 0 0 0 0 0 0 0 0 0 0 0 
65 96 0 0 0 0 0 0 0 0 0 0 0 
67 96 0 0 0 0 0 0 0 0 0 0 0 
69 96 0 0 0 0 0 0 0 0 0 0 0 
71 96 0 0 0 0 0 0 0 0 0 0 0 
73 96 0 0 0 0 0 0 0 0 0 0 0 
75 96 0 0 0 0 0 0 0 0 0 0 0 
77 96 0 0 0 0 0 0 0 0 0 0 0 
79 96 0 0 0 0 0 0 0 0 0 0 0 
81 96 0 0 0 0 0 0 0 0 0 0 0 
83 96 0 0 0 0 0 0 0 0 0 0 0 
85 96 0 0 0 0 0 0 0 0 0 0 0 
87 96 0 0 0 0 0 0 0 0 0 0 0 
89 96 0 0 0 0 0 0 0 0 0 0 0 
91 96 0 0 0 0 0 0 0 0 0 0 0 
93 96 0 0 0 0 0 0 0 0 0 0 0 
95 96 0 0 0 0 0 0 0 0 0 0 0 
97 96 0 0 0 0 0 0 0 0 0 0 0 
99 96 0 0 0 0 0 0 0 0 0 0 0 
101 96 0 0 0 0 0 0 0 0 0 0 0 
103 96 0 0 0 0 0 0 0 0 0 0 0 
105 96 0 0 0 0 0 0 0 0 0 0 0 
107 96 0 0 0 0 0 0 0 0 0 0 0 
109 96 0 0 0 0 0 0 0 0 0 0 0 
111 96 0 0 0 0 0 0 0 0 0 0 0 
113 96 0 0 0 0 0 0 0 0 0 0 0 
115 96 0 0 0 0 0 0 0 0 0 0 0 
117 96 0 0 0 0 0 0 0 0 0 0 0 
119 96 0 0 0 0 0 0 0 0 0 0 0 
121 96 0 0 0 0 0 0 0 0 0 0 0 
123 96 0 0 0 0 0 0 0 0 0 0 0 
125 96 0 0 0 0 0 0 0 0 0 0 0 
127 97 0 0 0 0 0 0 0 0 0 0 0 
33 97 0 0 0 0 0 0 0 0 0 0 0 
35 97 0 0 0 0 0 0 0 0 0 0 0 
37 97 0 0 0 0 0 0 0 0 0 0 0 
39 97 0 0 0 0 0 0 0 0 0 0 0 
41 97 0 0 0 0 0 0 0 0 0 0 0 
43 97 0 0 0 0 0 0 0 0 0 0 0 
45 97 0 0 0 0 0 0 0 0 0 0 0 
47 97 0 0 0 0 0 0 0 0 0 0 0 
49 97 0 0 0 0 0 0 0 0 0 0 0 
51 97 0 0 0 0 0 0 0 0 0 0 0 
53 97 0 0 0 0 0 0 0 0 0 0 0 
55 97 0 0 0 0 0 0 0 0 0 0 0 
57 97 0 0 0 0 0 0 0 0 0 0 0 
59 97 0 0 0 0 0 0 0 0 0 0 0 
61 97 0 0 0 0 0 0 0 0 0 0 0 
63 97 0 0 0 0 0 0 0 0 0 0 0 
65 97 0 0 0 0 0 0 0 0 0 0 0 
67 97 0 0 0 0 0 0 0 0 0 0 0 
69 97 0 0 0 0 0 0 0 0 0 0 0 
71 97 0 0 0 0 0 0 0 0 0 0 0 
73 97 0 0 0 0 0 0 0 0 0 0 0 
75 97 0 0 0 0 0 0 0 0 0 0 0 
77 97 0 0 0 0 0 0 0 0 0 0 0 
79 97 0 0 0 0 0 0 0 0 0 0 0 
81 97 0 0 0 0 0 0 0 0 0 0 0 
83 97 0 0 0 0 0 0 0 0 0 0 0 
85 97 0 0 0 0 0 0 0 0 0 0 0 
87 97 0 0 0 0 0 0 0 0 0 0 0 
89 97 0 0 0 0 0 0 0 0 0 0 0 
91 97 0 0 0 0 0 0 0 0 0 0 0 
93 97 0 0 0 0 0 0 0 0 0 0 0 
95 97 0 0 0 0 0 0 0 0 0 0 0 
97 97 0 0 0 0 0 0 0 0 0 0 0 
99 97 0 0 0 0 0 0 0 0 0 0 0 
101 97 0 0 0 0 0 0 0 0 0 0 0 
103 97 0 0 0 0 0 0 0 0 0 0 0 
105 97 0 0 0 0 0 0 0 0 0 0 0 
107 97 0 0 0 0 0 0 0 0 0 0 0 
109 97 0 0 0 0 0 0 0 0 0 0 0 
111 97 0 0 0 0 0 0 0 0 0 0 0 
113 97 0 0 0 0 0 0 0 0 0 0 0 
115 97 0 0 0 0 0 0 0 0 0 0 0 
117 97 0 0 0 0 0 0 0 0 0 0 0 
119 97 0 0 0 0 0 0 0 0 0 0 0 
121 97 0 0 0 0 0 0 0 0 0 0 0 
123 97 0 0 0 0 0 0 0 0 0 0 0 
125 97 0 0 0 0 0 0 0 0 0 0 0 
127 98 0 0 0 0 0 0 0 0 0 0 0 
33 98 0 0 0 0 0 0 0 0 0 0 0 
35 98 0 0 0 0 0 0 0 0 0 0 0 
37 98 0 0 0 0 0 0 0 0 0 0 0 
39 98 0 0 0 0 0 0 0 0 0 0 0 
41 98 0 0 0 0 0 0 0 0 0 0 0 
43 98 0 0 0 0 0 0 0 0 0 0 0 
45 98 0 0 0 0 0 0 0 0 0 0 0 
47 98 0 0 0 0 0 0 0 0 0 0 0 
49 98 0 0 0 0 0 0 0 0 0 0 0 
51 98 0 0 0 0 0 0 0 0 0 0 0 
53 98 0 0 0 0 0 0 0 0 0 0 0 
55 98 0 0 0 0 0 0 0 0 0 0 0 
57 98 0 0 0 0 0 0 0 0 0 0 0 
59 98 0 0 0 0 0 0 0 0 0 0 0 
61 98 0 0 0 0 0 0 0 0 0 0 0 
63 98 0 0 0 0 0 0 0 0 0 0 0 
65 98 0 0 0 0 0 0 0 0 0 0 0 
67 98 0 0 0 0 0 0 0 0 0 0 0 
69 98 0 0 0 0 0 0 0 0 0 0 0 
71 98 0 0 0 0 0 0 0 0 0 0 0 
73 98 0 0 0 0 0 0 0 0 0 0 0 
75 98 0 0 0 0 0 0 0 0 0 0 0 
77 98 0 0 0 0 0 0 0 0 0 0 0 
79 98 0 0 0 0 0 0 0 0 0 0 0 
81 98 0 0 0 0 0 0 0 0 0 0 0 
83 98 0 0 0 0 0 0 0 0 0 0 0 
85 98 0 0 0 0 0 0 0 0 0 0 0 
87 98 0 0 0 0 0 0 0 0 0 0 0 
89 98 0 0 0 0 0 0 0 0 0 0 0 
91 98 0 0 0 0 0 0 0 0 0 0 0 
93 98 0 0 0 0 0 0 0 0 0 0 0 
95 98 0 0 0 0 0 0 0 0 0 0 0 
97 98 0 0 0 0 0 0 0 0 0 0 0 
